[ 2.09606e-09 ,20 ],
[ -1.56586e-08 ,30 ],
[ -1.97727e-07 ,40 ],
[ -9.69723e-08 ,50 ],
[ -1.53511e-07 ,60 ],
[ 3.13184e-09 ,70 ],
[ -1.85172e-08 ,80 ],
[ 5.62626e-10 ,90 ],
[ -2.05031e-10 ,100 ],
[ 1.93158e-08 ,110 ],
[ -4.67145e-08 ,120 ],
[ -9.47611e-08 ,130 ],
[ -4.33266e-08 ,140 ],
[ -9.69931e-08 ,150 ],
[ -2.08154e-09 ,160 ],
[ -6.7376e-08 ,170 ],
[ -9.63405e-08 ,180 ],
[ -1.08609e-07 ,190 ],
[ -8.75277e-08 ,200 ],
[ 1.21751e-10 ,210 ],
[ -1.40477e-07 ,220 ],
[ -2.68418e-08 ,230 ],
[ -4.82259e-08 ,240 ],
[ 1.81047e-09 ,250 ],
[ -6.00794e-08 ,260 ],
[ 5.46473e-08 ,270 ],
[ -4.15716e-08 ,280 ],
[ -2.10875e-08 ,290 ],
[ -2.2411e-08 ,300 ],
[ -3.50683e-08 ,310 ],
[ -4.08432e-08 ,320 ],
[ -2.30326e-08 ,330 ],
[ -2.20286e-08 ,340 ],
[ 2.27691e-10 ,350 ],
[ -2.40334e-08 ,360 ],
[ -4.40945e-10 ,370 ],
[ 4.59509e-08 ,380 ],
[ -2.56551e-08 ,390 ],
[ -1.99268e-09 ,400 ],
[ -2.30725e-08 ,410 ],
[ -1.37602e-08 ,420 ],
[ -3.1339e-10 ,430 ],
[ 2.53755e-08 ,440 ],
[ -2.0831e-08 ,450 ],
[ 1.59301e-09 ,460 ],
[ 1.33e-09 ,470 ],
[ 8.31268e-10 ,480 ],
[ 2.70556e-10 ,490 ],
[ -2.05762e-10 ,500 ],
[ -4.79595e-10 ,510 ],
[ -4.94212e-10 ,520 ],
[ -1.22254e-07 ,530 ],
[ -5.69018e-12 ,540 ],
[ -3.13664e-08 ,550 ],
[ 3.08811e-10 ,560 ],
[ -3.5898e-08 ,570 ],
[ -3.29844e-10 ,580 ],
[ -4.62667e-08 ,590 ],
[ 9.7358e-11 ,600 ],
[ -1.87327e-09 ,610 ],
[ -4.57512e-08 ,620 ],
[ -3.6464e-08 ,630 ],
[ 2.34203e-08 ,640 ],
[ 5.50198e-11 ,650 ],
[ -5.09215e-08 ,660 ],
[ -5.16231e-08 ,670 ],
[ 4.46039e-08 ,680 ],
[ 5.36249e-08 ,690 ],
[ 4.61929e-08 ,700 ],
[ 9.52441e-08 ,710 ],
[ -1.7605e-10 ,720 ],
[ -4.85789e-10 ,730 ],
[ 5.46029e-10 ,740 ],
[ 6.51476e-08 ,750 ],
[ 2.35537e-08 ,760 ],
[ 1.18745e-07 ,770 ],
[ 4.99352e-08 ,780 ],
[ 5.17618e-08 ,790 ],
[ 7.31843e-10 ,800 ],
[ 4.33339e-08 ,810 ],
[ -2.47262e-10 ,820 ],
[ 8.45776e-08 ,830 ],
[ 8.86981e-08 ,840 ],
[ 2.50974e-08 ,850 ],
[ 6.7142e-08 ,860 ],
[ 6.24747e-08 ,870 ],
[ 1.17123e-07 ,880 ],
[ 5.12281e-10 ,890 ],
[ 4.14123e-08 ,900 ],
[ -7.21273e-08 ,910 ],
[ 6.30826e-08 ,920 ],
[ 4.65526e-08 ,930 ],
[ 7.11076e-08 ,940 ],
[ 6.83715e-08 ,950 ],
[ 1.82685e-08 ,960 ],
[ 4.94627e-08 ,970 ],
[ 3.93612e-08 ,980 ],
[ 1.58028e-09 ,990 ],
[ -3.12189e-10 ,1000 ],
[ -8.55099e-08 ,1010 ],
[ -4e-08 ,1020 ],
[ 3.92732e-10 ,1030 ],
[ 2.08749e-08 ,1040 ],
[ -2.66815e-08 ,1050 ],
[ 1.31036e-07 ,1060 ],
[ 1.08997e-07 ,1070 ],
[ -8.17359e-09 ,1080 ],
[ -2.14134e-09 ,1090 ],
[ 7.69469e-11 ,1100 ],
[ 4.73534e-09 ,1110 ],
[ 4.10272e-08 ,1120 ],
[ -5.42554e-08 ,1130 ],
[ -5.52116e-08 ,1140 ],
[ -8.31055e-10 ,1150 ],
[ -2.0663e-08 ,1160 ],
[ -4.08968e-08 ,1170 ],
[ 1.83883e-09 ,1180 ],
[ -1.35844e-07 ,1190 ],
[ -5.83693e-08 ,1200 ],
[ 5.16574e-08 ,1210 ],
[ -6.22239e-08 ,1220 ],
[ 9.92744e-09 ,1230 ],
[ -2.17473e-08 ,1240 ],
[ -5.42096e-08 ,1250 ],
[ -8.94823e-08 ,1260 ],
[ -8.79648e-10 ,1270 ],
[ -2.20023e-08 ,1280 ],
[ -4.29971e-08 ,1290 ],
[ 7.20216e-10 ,1300 ],
[ -4.08861e-08 ,1310 ],
[ -6.65451e-08 ,1320 ],
[ 1.81952e-09 ,1330 ],
[ -7.55338e-08 ,1340 ],
[ -2.44078e-10 ,1350 ],
[ -4.92716e-08 ,1360 ],
[ -4.50793e-08 ,1370 ],
[ 2.14023e-08 ,1380 ],
[ -4.59622e-08 ,1390 ],
[ -4.60908e-08 ,1400 ],
[ -1.33223e-10 ,1410 ],
[ -4.51115e-08 ,1420 ],
[ -4.92168e-10 ,1430 ],
[ -1.10835e-07 ,1440 ],
[ -2.57218e-08 ,1450 ],
[ -4.8538e-08 ,1460 ],
[ -4.89354e-08 ,1470 ],
[ -2.29225e-08 ,1480 ],
[ 3.49162e-10 ,1490 ],
[ 4.96287e-08 ,1500 ],
[ -4.44158e-08 ,1510 ],
[ 2.95414e-08 ,1520 ],
[ 2.65453e-09 ,1530 ],
[ 2.29527e-09 ,1540 ],
[ -4.58988e-08 ,1550 ],
[ -6.82887e-08 ,1560 ],
[ -8.73303e-10 ,1570 ],
[ -1.18656e-09 ,1580 ],
[ -1.65087e-09 ,1590 ],
[ -3.03166e-09 ,1600 ],
[ 4.43169e-08 ,1610 ],
[ 9.31143e-10 ,1620 ],
[ 1.68705e-09 ,1630 ],
[ -4.33122e-08 ,1640 ],
[ 2.40011e-08 ,1650 ],
[ 2.33157e-08 ,1660 ],
[ 2.39843e-08 ,1670 ],
[ 2.2956e-08 ,1680 ],
[ 4.49492e-08 ,1690 ],
[ -1.61173e-09 ,1700 ],
[ 1.95707e-08 ,1710 ],
[ -3.03667e-08 ,1720 ],
[ -2.20494e-08 ,1730 ],
[ -2.4739e-10 ,1740 ],
[ 2.15726e-08 ,1750 ],
[ 1.01051e-09 ,1760 ],
[ 5.14848e-08 ,1770 ],
[ 1.10082e-09 ,1780 ],
[ 4.32668e-10 ,1790 ],
[ -1.8146e-10 ,1800 ],
[ -6.91985e-11 ,1810 ],
[ 2.16552e-08 ,1820 ],
[ 2.33714e-09 ,1830 ],
[ 5.35946e-08 ,1840 ],
[ 2.26103e-08 ,1850 ],
[ 1.08252e-07 ,1860 ],
[ 7.29042e-08 ,1870 ],
[ -5.32271e-09 ,1880 ],
[ 4.17168e-08 ,1890 ],
[ 4.68019e-08 ,1900 ],
[ 1.99152e-08 ,1910 ],
[ -8.13555e-10 ,1920 ],
[ 3.89275e-11 ,1930 ],
[ 4.20155e-08 ,1940 ],
[ -2.46841e-08 ,1950 ],
[ -8.90322e-08 ,1960 ],
[ 1.16268e-09 ,1970 ],
[ 2.3038e-08 ,1980 ],
[ 2.70509e-09 ,1990 ],
[ 6.6433e-08 ,2000 ],
[ 1.27509e-07 ,2010 ],
[ 4.73422e-08 ,2020 ],
[ -1.97894e-10 ,2030 ],
[ 6.41587e-08 ,2040 ],
[ 8.60698e-08 ,2050 ],
[ 2.46886e-09 ,2060 ],
[ 1.18126e-07 ,2070 ],
[ 8.85324e-08 ,2080 ],
[ 2.45787e-09 ,2090 ],
[ 3.40879e-08 ,2100 ],
[ -6.51056e-08 ,2110 ],
[ -4.9648e-09 ,2120 ],
[ -3.86615e-09 ,2130 ],
[ -8.54511e-08 ,2140 ],
[ -2.15667e-08 ,2150 ],
[ 5.50296e-08 ,2160 ],
[ -2.19556e-08 ,2170 ],
[ -4.93036e-08 ,2180 ],
[ -1.21013e-08 ,2190 ],
[ 9.62297e-09 ,2200 ],
[ -2.00115e-09 ,2210 ],
[ 8.748e-09 ,2220 ],
[ 1.51239e-08 ,2230 ],
[ 3.52191e-08 ,2240 ],
[ 8.16427e-09 ,2250 ],
[ 9.32208e-08 ,2260 ],
[ -7.75026e-08 ,2270 ],
[ -4.95042e-08 ,2280 ],
[ -7.25611e-08 ,2290 ],
[ -9.49384e-08 ,2300 ],
[ -5.38096e-08 ,2310 ],
[ -5.28686e-08 ,2320 ],
[ -1.08105e-07 ,2330 ],
[ 5.10375e-08 ,2340 ],
[ -2.12638e-07 ,2350 ],
[ 8.93425e-10 ,2360 ],
[ -7.1304e-08 ,2370 ],
[ -4.62667e-08 ,2380 ],
[ -3.16307e-09 ,2390 ],
[ 1.80628e-08 ,2400 ],
[ -4.64342e-08 ,2410 ],
[ -2.37294e-08 ,2420 ],
[ 2.75049e-09 ,2430 ],
[ 8.91629e-08 ,2440 ],
[ -4.0466e-08 ,2450 ],
[ 3.26187e-08 ,2460 ],
[ -1.96836e-08 ,2470 ],
[ -6.60755e-08 ,2480 ],
[ -2.79119e-08 ,2490 ],
[ 4.52263e-08 ,2500 ],
[ -3.28689e-08 ,2510 ],
[ -2.01284e-09 ,2520 ],
[ -1.60692e-09 ,2530 ],
[ -9.23289e-08 ,2540 ],
[ 5.11574e-10 ,2550 ],
[ 2.2334e-08 ,2560 ],
[ -4.62319e-08 ,2570 ],
[ 2.37157e-08 ,2580 ],
[ -4.56739e-10 ,2590 ],
[ -8.61602e-10 ,2600 ],
[ -9.43706e-08 ,2610 ],
[ 4.28864e-10 ,2620 ],
[ -2.01544e-08 ,2630 ],
[ -4.90362e-08 ,2640 ],
[ 2.19401e-08 ,2650 ],
[ -6.17701e-10 ,2660 ],
[ -2.23739e-09 ,2670 ],
[ 1.87241e-08 ,2680 ],
[ -1.74404e-09 ,2690 ],
[ -2.43494e-08 ,2700 ],
[ -2.38948e-08 ,2710 ],
[ 1.26815e-09 ,2720 ],
[ 1.90349e-09 ,2730 ],
[ 2.22967e-09 ,2740 ],
[ 2.76622e-09 ,2750 ],
[ -1.9711e-08 ,2760 ],
[ 4.34462e-10 ,2770 ],
[ 7.14379e-08 ,2780 ],
[ -7.45766e-08 ,2790 ],
[ 1.90709e-08 ,2800 ],
[ -2.01017e-09 ,2810 ],
[ -1.17925e-09 ,2820 ],
[ 2.13157e-08 ,2830 ],
[ 6.74162e-08 ,2840 ],
[ 1.55595e-09 ,2850 ],
[ 4.9888e-08 ,2860 ],
[ 4.23563e-08 ,2870 ],
[ 2.09844e-08 ,2880 ],
[ 1.82789e-08 ,2890 ],
[ -1.54268e-09 ,2900 ],
[ -1.82093e-09 ,2910 ],
[ -1.84385e-08 ,2920 ],
[ 7.07022e-08 ,2930 ],
[ 7.6112e-08 ,2940 ],
[ 4.7111e-08 ,2950 ],
[ -2.1769e-08 ,2960 ],
[ 7.40577e-08 ,2970 ],
[ 4.56005e-08 ,2980 ],
[ -2.11728e-08 ,2990 ],
[ 6.76488e-08 ,3000 ],
[ -4.09323e-08 ,3010 ],
[ 2.21198e-08 ,3020 ],
[ 5.13214e-08 ,3030 ],
[ 4.26284e-08 ,3040 ],
[ 9.52735e-08 ,3050 ],
[ 3.41202e-09 ,3060 ],
[ 4.52865e-08 ,3070 ],
[ 9.27604e-08 ,3080 ],
[ 2.01895e-08 ,3090 ],
[ -2.63626e-09 ,3100 ],
[ 8.66596e-08 ,3110 ],
[ -2.92706e-08 ,3120 ],
[ -5.33056e-09 ,3130 ],
[ -1.84296e-09 ,3140 ],
[ -2.20276e-08 ,3150 ],
[ -1.61672e-09 ,3160 ],
[ -5.24892e-08 ,3170 ],
[ 7.34336e-08 ,3180 ],
[ 8.34562e-08 ,3190 ],
[ -1.41243e-09 ,3200 ],
[ 5.00634e-08 ,3210 ],
[ -3.97464e-08 ,3220 ],
[ -1.73244e-09 ,3230 ],
[ -9.46402e-08 ,3240 ],
[ -3.79012e-08 ,3250 ],
[ 6.96846e-08 ,3260 ],
[ 8.94692e-09 ,3270 ],
[ 1.26976e-08 ,3280 ],
[ -1.50357e-08 ,3290 ],
[ -1.01328e-07 ,3300 ],
[ -5.1842e-08 ,3310 ],
[ -9.86142e-08 ,3320 ],
[ -3.17683e-08 ,3330 ],
[ -2.45525e-08 ,3340 ],
[ 4.29581e-08 ,3350 ],
[ -3.9228e-08 ,3360 ],
[ 4.97226e-09 ,3370 ],
[ 9.68622e-08 ,3380 ],
[ 5.92203e-09 ,3390 ],
[ -2.71484e-08 ,3400 ],
[ -5.04913e-08 ,3410 ],
[ 7.58241e-08 ,3420 ],
[ -2.24129e-09 ,3430 ],
[ -8.64821e-08 ,3440 ],
[ 4.29106e-08 ,3450 ],
[ -6.55006e-08 ,3460 ],
[ 2.99534e-08 ,3470 ],
[ -1.76636e-08 ,3480 ],
[ -1.8414e-08 ,3490 ],
[ -1.56641e-08 ,3500 ],
[ -9.04094e-08 ,3510 ],
[ -2.47841e-08 ,3520 ],
[ -7.57781e-08 ,3530 ],
[ -2.84399e-08 ,3540 ],
[ -1.03237e-07 ,3550 ],
[ -2.18268e-08 ,3560 ],
[ 1.74985e-08 ,3570 ],
[ -4.02346e-08 ,3580 ],
[ -2.94368e-08 ,3590 ],
[ -4.55433e-08 ,3600 ],
[ -1.95342e-08 ,3610 ],
[ -1.32549e-07 ,3620 ],
[ 8.03464e-10 ,3630 ],
[ -5.3131e-10 ,3640 ],
[ -1.32631e-09 ,3650 ],
[ 1.95146e-08 ,3660 ],
[ 2.18271e-08 ,3670 ],
[ 1.89615e-08 ,3680 ],
[ -2.15013e-08 ,3690 ],
[ 5.27312e-10 ,3700 ],
[ -2.1555e-08 ,3710 ],
[ -2.15326e-08 ,3720 ],
[ -6.79304e-08 ,3730 ],
[ 5.01875e-08 ,3740 ],
[ 2.06472e-08 ,3750 ],
[ 3.97768e-08 ,3760 ],
[ 2.04971e-08 ,3770 ],
[ 2.32644e-08 ,3780 ],
[ -1.52208e-09 ,3790 ],
[ -7.71382e-08 ,3800 ],
[ -2.46157e-08 ,3810 ],
[ -7.07726e-10 ,3820 ],
[ 2.86587e-10 ,3830 ],
[ 1.74701e-09 ,3840 ],
[ 2.43641e-08 ,3850 ],
[ 3.13202e-09 ,3860 ],
[ 2.51984e-08 ,3870 ],
[ 1.72166e-09 ,3880 ],
[ 2.14547e-08 ,3890 ],
[ 2.4332e-08 ,3900 ],
[ 1.99891e-08 ,3910 ],
[ -2.88681e-08 ,3920 ],
[ 2.1596e-08 ,3930 ],
[ 2.89232e-08 ,3940 ],
[ 2.91033e-08 ,3950 ],
[ -1.81666e-08 ,3960 ],
[ 2.57657e-08 ,3970 ],
[ 5.60717e-08 ,3980 ],
[ 9.18007e-08 ,3990 ],
[ -7.36684e-10 ,4000 ],
[ 6.95254e-08 ,4010 ],
[ 2.23062e-08 ,4020 ],
[ 7.22095e-08 ,4030 ],
[ -4.46168e-08 ,4040 ],
[ -4.67852e-10 ,4050 ],
[ 4.31552e-08 ,4060 ],
[ 4.98485e-08 ,4070 ],
[ -4.32104e-08 ,4080 ],
[ 1.188e-07 ,4090 ],
[ 4.44891e-08 ,4100 ],
[ -6.05152e-09 ,4110 ],
[ -2.23625e-08 ,4120 ],
[ 1.06537e-07 ,4130 ],
[ -8.29909e-08 ,4140 ],
[ 1.79616e-08 ,4150 ],
[ 9.48275e-08 ,4160 ],
[ 1.4302e-09 ,4170 ],
[ -5.35025e-09 ,4180 ],
[ 2.49378e-08 ,4190 ],
[ 4.75639e-08 ,4200 ],
[ 1.32062e-07 ,4210 ],
[ -5.11182e-08 ,4220 ],
[ 3.00491e-08 ,4230 ],
[ 4.10962e-08 ,4240 ],
[ 7.22828e-08 ,4250 ],
[ -7.37246e-08 ,4260 ],
[ -5.98673e-09 ,4270 ],
[ 4.57849e-08 ,4280 ],
[ -2.32963e-09 ,4290 ],
[ -2.23958e-08 ,4300 ],
[ 4.54372e-08 ,4310 ],
[ -8.47935e-08 ,4320 ],
[ -5.04221e-08 ,4330 ],
[ -8.61603e-08 ,4340 ],
[ 4.34658e-08 ,4350 ],
[ -1.81572e-08 ,4360 ],
[ 2.43749e-08 ,4370 ],
[ -8.31258e-11 ,4380 ],
[ -1.32866e-07 ,4390 ],
[ -4.25676e-08 ,4400 ],
[ 1.99049e-08 ,4410 ],
[ 5.10106e-08 ,4420 ],
[ -4.04442e-08 ,4430 ],
[ -5.12837e-08 ,4440 ],
[ 2.65758e-08 ,4450 ],
[ 9.78222e-08 ,4460 ],
[ 4.45913e-08 ,4470 ],
[ 2.79428e-08 ,4480 ],
[ 3.95567e-08 ,4490 ],
[ -5.22111e-09 ,4500 ],
[ -4.95833e-08 ,4510 ],
[ -2.0048e-08 ,4520 ],
[ 2.38054e-08 ,4530 ],
[ -4.58599e-08 ,4540 ],
[ -2.02779e-08 ,4550 ],
[ -4.36783e-08 ,4560 ],
[ -8.9191e-08 ,4570 ],
[ -1.60664e-07 ,4580 ],
[ -2.19033e-08 ,4590 ],
[ -1.00755e-09 ,4600 ],
[ -2.16177e-08 ,4610 ],
[ -3.85149e-08 ,4620 ],
[ -1.05149e-07 ,4630 ],
[ -4.92639e-08 ,4640 ],
[ -4.7527e-08 ,4650 ],
[ 7.24082e-08 ,4660 ],
[ -6.38554e-10 ,4670 ],
[ 2.82534e-08 ,4680 ],
[ -2.50225e-08 ,4690 ],
[ -4.64427e-08 ,4700 ],
[ -9.19648e-08 ,4710 ],
[ -5.82862e-08 ,4720 ],
[ 2.71941e-09 ,4730 ],
[ 4.27848e-09 ,4740 ],
[ 2.07911e-08 ,4750 ],
[ 2.85101e-09 ,4760 ],
[ 3.59061e-10 ,4770 ],
[ -7.05563e-08 ,4780 ],
[ 6.64183e-08 ,4790 ],
[ -2.46433e-08 ,4800 ],
[ -3.01428e-08 ,4810 ],
[ -1.79839e-09 ,4820 ],
[ -7.46425e-08 ,4830 ],
[ -2.49907e-08 ,4840 ],
[ -1.42131e-09 ,4850 ],
[ -4.40046e-08 ,4860 ],
[ -1.9319e-11 ,4870 ],
[ -2.01673e-08 ,4880 ],
[ -1.96246e-08 ,4890 ],
[ 2.66471e-08 ,4900 ],
[ 1.747e-09 ,4910 ],
[ 2.47991e-09 ,4920 ],
[ 1.01068e-08 ,4930 ],
[ 4.42654e-08 ,4940 ],
[ 6.98963e-08 ,4950 ],
[ 7.72691e-10 ,4960 ],
[ 4.7996e-08 ,4970 ],
[ 4.36241e-08 ,4980 ],
[ 1.99856e-08 ,4990 ],
[ 6.75855e-08 ,5000 ],
[ -3.58918e-10 ,5010 ],
[ -2.19167e-08 ,5020 ],
[ -2.32841e-09 ,5030 ],
[ 6.60789e-08 ,5040 ],
[ 5.47349e-08 ,5050 ],
[ -2.13107e-08 ,5060 ],
[ 5.16754e-08 ,5070 ],
[ 1.895e-08 ,5080 ],
[ -1.21855e-07 ,5090 ],
[ -3.26465e-08 ,5100 ],
[ -2.75977e-08 ,5110 ],
[ 1.15214e-08 ,5120 ],
[ 1.94605e-09 ,5130 ],
[ 4.83107e-09 ,5140 ],
[ 2.88973e-08 ,5150 ],
[ 5.4494e-08 ,5160 ],
[ 9.50801e-09 ,5170 ],
[ 4.75002e-08 ,5180 ],
[ 1.3001e-07 ,5190 ],
[ 1.69113e-07 ,5200 ],
[ 4.23834e-08 ,5210 ],
[ -6.47189e-09 ,5220 ],
[ -3.98854e-08 ,5230 ],
[ 7.26168e-09 ,5240 ],
[ 1.28212e-08 ,5250 ],
[ 9.27029e-08 ,5260 ],
[ 2.53871e-08 ,5270 ],
[ 4.59079e-08 ,5280 ],
[ 1.93995e-08 ,5290 ],
[ -4.48871e-09 ,5300 ],
[ -5.70435e-09 ,5310 ],
[ 3.84183e-08 ,5320 ],
[ -2.633e-08 ,5330 ],
[ 1.55664e-08 ,5340 ],
[ 4.97109e-08 ,5350 ],
[ 3.98657e-09 ,5360 ],
[ 2.02808e-08 ,5370 ],
[ 8.76339e-09 ,5380 ],
[ -3.09469e-08 ,5390 ],
[ 7.03967e-08 ,5400 ],
[ 7.4082e-08 ,5410 ],
[ 4.44075e-08 ,5420 ],
[ -3.8332e-08 ,5430 ],
[ -3.85337e-08 ,5440 ],
[ 3.64693e-08 ,5450 ],
[ 8.03926e-08 ,5460 ],
[ -7.29239e-09 ,5470 ],
[ -6.99903e-08 ,5480 ],
[ 4.75647e-08 ,5490 ],
[ -1.02338e-07 ,5500 ],
[ 4.43438e-08 ,5510 ],
[ -1.63616e-08 ,5520 ],
[ 2.95224e-09 ,5530 ],
[ 2.01477e-08 ,5540 ],
[ -5.56435e-08 ,5550 ],
[ -2.68663e-08 ,5560 ],
[ -3.2035e-08 ,5570 ],
[ 1.78842e-08 ,5580 ],
[ -8.05803e-08 ,5590 ],
[ -1.9346e-08 ,5600 ],
[ -3.88098e-09 ,5610 ],
[ -1.35103e-07 ,5620 ],
[ -7.12354e-08 ,5630 ],
[ 2.07591e-08 ,5640 ],
[ -6.92503e-08 ,5650 ],
[ -1.26261e-07 ,5660 ],
[ -8.7709e-08 ,5670 ],
[ -1.78762e-08 ,5680 ],
[ 5.73935e-09 ,5690 ],
[ 7.44688e-09 ,5700 ],
[ -4.44092e-08 ,5710 ],
[ 4.25083e-08 ,5720 ],
[ -3.75528e-09 ,5730 ],
[ 1.65952e-08 ,5740 ],
[ 1.69639e-08 ,5750 ],
[ -4.4621e-08 ,5760 ],
[ -6.6342e-08 ,5770 ],
[ -6.74501e-08 ,5780 ],
[ -6.25299e-10 ,5790 ],
[ 7.0373e-10 ,5800 ],
[ -6.931e-08 ,5810 ],
[ -4.86968e-08 ,5820 ],
[ 1.75555e-09 ,5830 ],
[ 6.41758e-10 ,5840 ],
[ 1.87769e-09 ,5850 ],
[ -1.82652e-09 ,5860 ],
[ -1.45144e-09 ,5870 ],
[ 1.22751e-09 ,5880 ],
[ -2.07887e-08 ,5890 ],
[ -1.89795e-08 ,5900 ],
[ 5.43514e-08 ,5910 ],
[ 1.25491e-09 ,5920 ],
[ 4.35181e-08 ,5930 ],
[ -9.29831e-09 ,5940 ],
[ -6.01554e-08 ,5950 ],
[ -1.23519e-09 ,5960 ],
[ -3.84986e-08 ,5970 ],
[ 9.2587e-09 ,5980 ],
[ 5.59085e-09 ,5990 ],
[ 4.74144e-08 ,6000 ],
[ 7.88786e-10 ,6010 ],
[ 4.08715e-09 ,6020 ],
[ -7.07975e-08 ,6030 ],
[ -7.20697e-09 ,6040 ],
[ -2.00329e-08 ,6050 ],
[ 1.80773e-08 ,6060 ],
[ -7.0389e-08 ,6070 ],
[ 1.22022e-09 ,6080 ],
[ -7.46504e-09 ,6090 ],
[ -4.07433e-08 ,6100 ],
[ 1.13368e-07 ,6110 ],
[ -2.17202e-08 ,6120 ],
[ 5.10664e-09 ,6130 ],
[ 1.28938e-07 ,6140 ],
[ 3.85089e-08 ,6150 ],
[ 2.26029e-08 ,6160 ],
[ 5.68842e-08 ,6170 ],
[ -4.98324e-08 ,6180 ],
[ 1.01482e-07 ,6190 ],
[ 7.36166e-08 ,6200 ],
[ -2.51051e-08 ,6210 ],
[ 1.2149e-08 ,6220 ],
[ -1.99748e-08 ,6230 ],
[ 8.24625e-09 ,6240 ],
[ 4.60614e-10 ,6250 ],
[ 4.14533e-09 ,6260 ],
[ 1.19859e-07 ,6270 ],
[ 1.36224e-07 ,6280 ],
[ 2.64743e-08 ,6290 ],
[ 6.99177e-08 ,6300 ],
[ 4.47053e-08 ,6310 ],
[ 9.47468e-08 ,6320 ],
[ -3.46546e-09 ,6330 ],
[ 4.51009e-08 ,6340 ],
[ -1.89627e-08 ,6350 ],
[ 2.49552e-08 ,6360 ],
[ 1.12966e-07 ,6370 ],
[ -3.42985e-08 ,6380 ],
[ -2.71709e-08 ,6390 ],
[ 1.44601e-08 ,6400 ],
[ -8.38324e-08 ,6410 ],
[ 8.87456e-08 ,6420 ],
[ 4.04358e-09 ,6430 ],
[ 6.65896e-10 ,6440 ],
[ 2.46355e-08 ,6450 ],
[ 1.23818e-09 ,6460 ],
[ 7.43788e-08 ,6470 ],
[ 4.3219e-10 ,6480 ],
[ -4.6807e-08 ,6490 ],
[ -5.29114e-08 ,6500 ],
[ 8.756e-08 ,6510 ],
[ -3.09297e-08 ,6520 ],
[ 2.98656e-08 ,6530 ],
[ 2.41995e-08 ,6540 ],
[ 5.58399e-09 ,6550 ],
[ 3.85563e-09 ,6560 ],
[ -8.21329e-08 ,6570 ],
[ -6.57727e-08 ,6580 ],
[ -3.76872e-08 ,6590 ],
[ -4.70921e-08 ,6600 ],
[ 2.09198e-08 ,6610 ],
[ 1.55728e-09 ,6620 ],
[ -7.12246e-08 ,6630 ],
[ -1.56974e-08 ,6640 ],
[ -3.54189e-08 ,6650 ],
[ -3.29291e-08 ,6660 ],
[ -3.16061e-08 ,6670 ],
[ 1.94658e-08 ,6680 ],
[ -8.63033e-08 ,6690 ],
[ -6.57943e-10 ,6700 ],
[ -2.1412e-09 ,6710 ],
[ -4.5892e-08 ,6720 ],
[ -5.128e-08 ,6730 ],
[ -2.20819e-08 ,6740 ],
[ -5.09144e-08 ,6750 ],
[ 2.06211e-09 ,6760 ],
[ -6.18093e-08 ,6770 ],
[ -8.72751e-09 ,6780 ],
[ -5.05585e-08 ,6790 ],
[ 7.11002e-08 ,6800 ],
[ -5.66476e-08 ,6810 ],
[ 3.64399e-08 ,6820 ],
[ 2.00916e-08 ,6830 ],
[ -6.60894e-08 ,6840 ],
[ -6.81752e-08 ,6850 ],
[ 4.88932e-08 ,6860 ],
[ -7.91246e-08 ,6870 ],
[ -2.1242e-08 ,6880 ],
[ -2.31252e-08 ,6890 ],
[ 1.87509e-09 ,6900 ],
[ 6.02764e-08 ,6910 ],
[ -1.68279e-08 ,6920 ],
[ 2.51035e-08 ,6930 ],
[ 3.5623e-10 ,6940 ],
[ -3.15273e-08 ,6950 ],
[ -1.41981e-07 ,6960 ],
[ -4.79205e-08 ,6970 ],
[ 2.18767e-08 ,6980 ],
[ -1.67086e-10 ,6990 ],
[ -2.4343e-08 ,7000 ],
[ -1.97997e-09 ,7010 ],
[ 5.03054e-08 ,7020 ],
[ -2.60521e-09 ,7030 ],
[ -4.82396e-08 ,7040 ],
[ -2.4639e-08 ,7050 ],
[ 5.15949e-08 ,7060 ],
[ 7.21276e-08 ,7070 ],
[ -1.34481e-08 ,7080 ],
[ -7.79592e-09 ,7090 ],
[ 1.69447e-08 ,7100 ],
[ 2.0922e-08 ,7110 ],
[ 2.28224e-08 ,7120 ],
[ -2.50871e-08 ,7130 ],
[ 4.58977e-08 ,7140 ],
[ -1.29115e-09 ,7150 ],
[ 2.25965e-08 ,7160 ],
[ 2.13056e-08 ,7170 ],
[ 4.55377e-08 ,7180 ],
[ 3.19842e-09 ,7190 ],
[ -3.93726e-08 ,7200 ],
[ 4.12824e-09 ,7210 ],
[ 7.36222e-08 ,7220 ],
[ 4.25014e-08 ,7230 ],
[ -3.70791e-09 ,7240 ],
[ -1.0219e-07 ,7250 ],
[ 1.63047e-08 ,7260 ],
[ 4.2971e-08 ,7270 ],
[ 9.56882e-08 ,7280 ],
[ 4.78972e-08 ,7290 ],
[ 7.20095e-08 ,7300 ],
[ 6.03125e-09 ,7310 ],
[ 2.5329e-08 ,7320 ],
[ -1.17529e-10 ,7330 ],
[ 4.67855e-08 ,7340 ],
[ -2.57905e-08 ,7350 ],
[ 9.60992e-08 ,7360 ],
[ -3.7207e-09 ,7370 ],
[ -3.382e-08 ,7380 ],
[ -1.51771e-08 ,7390 ],
[ 3.91612e-08 ,7400 ],
[ 4.41144e-08 ,7410 ],
[ 3.33819e-08 ,7420 ],
[ 2.65349e-08 ,7430 ],
[ -1.83454e-08 ,7440 ],
[ 6.66339e-08 ,7450 ],
[ -2.07357e-08 ,7460 ],
[ 4.84956e-08 ,7470 ],
[ 4.05479e-08 ,7480 ],
[ -9.48651e-09 ,7490 ],
[ 3.42025e-08 ,7500 ],
[ -4.90259e-09 ,7510 ],
[ 2.44157e-08 ,7520 ],
[ 6.33451e-09 ,7530 ],
[ -1.5259e-08 ,7540 ],
[ 9.97874e-09 ,7550 ],
[ 4.94914e-08 ,7560 ],
[ 2.36191e-08 ,7570 ],
[ -8.41856e-09 ,7580 ],
[ -1.6847e-08 ,7590 ],
[ 7.69529e-08 ,7600 ],
[ -3.74511e-08 ,7610 ],
[ -3.6522e-08 ,7620 ],
[ 3.90612e-08 ,7630 ],
[ -3.96477e-08 ,7640 ],
[ 1.13428e-07 ,7650 ],
[ 5.63009e-08 ,7660 ],
[ -6.08604e-08 ,7670 ],
[ -4.71927e-08 ,7680 ],
[ -4.59534e-08 ,7690 ],
[ -7.10698e-08 ,7700 ],
[ -2.05345e-08 ,7710 ],
[ -2.30213e-08 ,7720 ],
[ 1.83847e-09 ,7730 ],
[ 8.45116e-10 ,7740 ],
[ -7.6755e-08 ,7750 ],
[ -1.21937e-07 ,7760 ],
[ -2.33149e-09 ,7770 ],
[ -4.48769e-08 ,7780 ],
[ -5.94631e-08 ,7790 ],
[ -5.43921e-08 ,7800 ],
[ -5.27983e-08 ,7810 ],
[ -6.26613e-08 ,7820 ],
[ 4.95254e-08 ,7830 ],
[ -6.50541e-08 ,7840 ],
[ 2.69085e-09 ,7850 ],
[ 1.36375e-08 ,7860 ],
[ 2.82855e-08 ,7870 ],
[ 7.38545e-08 ,7880 ],
[ 3.57553e-09 ,7890 ],
[ -2.07317e-07 ,7900 ],
[ -6.97705e-08 ,7910 ],
[ -2.63123e-08 ,7920 ],
[ -6.33675e-09 ,7930 ],
[ -7.2258e-08 ,7940 ],
[ -4.96789e-08 ,7950 ],
[ -5.6786e-11 ,7960 ],
[ 4.61607e-08 ,7970 ],
[ -4.98045e-08 ,7980 ],
[ -5.68409e-08 ,7990 ],
[ -4.50167e-10 ,8000 ],
[ -1.63467e-09 ,8010 ],
[ -2.13243e-09 ,8020 ],
[ -1.74831e-09 ,8030 ],
[ -2.73201e-08 ,8040 ],
[ -1.71837e-08 ,8050 ],
[ 3.55249e-08 ,8060 ],
[ 4.09139e-08 ,8070 ],
[ 5.09571e-08 ,8080 ],
[ -4.01934e-08 ,8090 ],
[ 2.36853e-08 ,8100 ],
[ 2.76537e-08 ,8110 ],
[ 5.40762e-08 ,8120 ],
[ 7.14637e-08 ,8130 ],
[ -4.78567e-08 ,8140 ],
[ 2.10427e-08 ,8150 ],
[ -7.39944e-08 ,8160 ],
[ -6.95036e-08 ,8170 ],
[ 4.88746e-10 ,8180 ],
[ 2.172e-08 ,8190 ],
[ -2.06667e-08 ,8200 ],
[ 2.39422e-08 ,8210 ],
[ 2.7091e-09 ,8220 ],
[ -1.71548e-08 ,8230 ],
[ 3.78882e-08 ,8240 ],
[ -2.13189e-08 ,8250 ],
[ -1.36768e-10 ,8260 ],
[ 3.58971e-09 ,8270 ],
[ 4.0383e-08 ,8280 ],
[ -3.70726e-09 ,8290 ],
[ -2.52838e-08 ,8300 ],
[ 4.69933e-08 ,8310 ],
[ -4.61607e-08 ,8320 ],
[ 1.91524e-08 ,8330 ],
[ 2.09986e-08 ,8340 ],
[ 4.98561e-08 ,8350 ],
[ 8.89376e-09 ,8360 ],
[ 2.9425e-08 ,8370 ],
[ 3.93268e-09 ,8380 ],
[ 8.71245e-08 ,8390 ],
[ 6.59369e-08 ,8400 ],
[ 3.46227e-09 ,8410 ],
[ 3.62187e-08 ,8420 ],
[ 8.27744e-08 ,8430 ],
[ 4.30197e-08 ,8440 ],
[ -1.05691e-09 ,8450 ],
[ -4.60026e-09 ,8460 ],
[ 4.44504e-08 ,8470 ],
[ -2.02575e-08 ,8480 ],
[ 9.11817e-08 ,8490 ],
[ -6.64941e-08 ,8500 ],
[ 5.02147e-08 ,8510 ],
[ 9.97195e-09 ,8520 ],
[ 1.19246e-08 ,8530 ],
[ -1.87049e-08 ,8540 ],
[ -2.7422e-08 ,8550 ],
[ -3.92678e-09 ,8560 ],
[ -4.82753e-08 ,8570 ],
[ 9.41334e-08 ,8580 ],
[ -2.18409e-08 ,8590 ],
[ 1.10676e-07 ,8600 ],
[ 1.77418e-07 ,8610 ],
[ 4.57453e-08 ,8620 ],
[ 8.21537e-08 ,8630 ],
[ 1.52656e-07 ,8640 ],
[ -5.48712e-08 ,8650 ],
[ -5.44118e-08 ,8660 ],
[ 2.18351e-11 ,8670 ],
[ -7.80438e-09 ,8680 ],
[ 7.00537e-09 ,8690 ],
[ -6.67626e-08 ,8700 ],
[ -1.88921e-08 ,8710 ],
[ -1.95683e-08 ,8720 ],
[ -3.96425e-09 ,8730 ],
[ -6.16115e-08 ,8740 ],
[ -1.1969e-08 ,8750 ],
[ -1.10648e-08 ,8760 ],
[ -4.77463e-08 ,8770 ],
[ 3.0149e-08 ,8780 ],
[ -1.29306e-08 ,8790 ],
[ 1.07672e-08 ,8800 ],
[ -5.51825e-08 ,8810 ],
[ 2.38456e-08 ,8820 ],
[ 1.31299e-09 ,8830 ],
[ -8.77895e-08 ,8840 ],
[ -4.21436e-08 ,8850 ],
[ -7.67678e-08 ,8860 ],
[ -6.0128e-08 ,8870 ],
[ -9.87514e-08 ,8880 ],
[ -1.75104e-07 ,8890 ],
[ -2.44045e-08 ,8900 ],
[ -2.46423e-08 ,8910 ],
[ -1.60092e-08 ,8920 ],
[ -5.51406e-08 ,8930 ],
[ 1.79376e-08 ,8940 ],
[ -2.34659e-10 ,8950 ],
[ -3.27942e-08 ,8960 ],
[ -2.59427e-08 ,8970 ],
[ 1.95935e-08 ,8980 ],
[ -8.06328e-08 ,8990 ],
[ -2.73652e-08 ,9000 ],
[ -2.2956e-08 ,9010 ],
[ -5.10794e-08 ,9020 ],
[ -2.72982e-09 ,9030 ],
[ -4.81659e-08 ,9040 ],
[ -2.86783e-09 ,9050 ],
[ -7.43051e-08 ,9060 ],
[ 2.08986e-08 ,9070 ],
[ 6.4143e-09 ,9080 ],
[ -2.01734e-08 ,9090 ],
[ 9.84634e-08 ,9100 ],
[ 4.21931e-08 ,9110 ],
[ 3.94417e-09 ,9120 ],
[ -1.98125e-08 ,9130 ],
[ -1.10948e-09 ,9140 ],
[ -2.70367e-08 ,9150 ],
[ 1.93531e-08 ,9160 ],
[ -6.70777e-09 ,9170 ],
[ -4.63687e-09 ,9180 ],
[ -1.03018e-09 ,9190 ],
[ 4.62542e-08 ,9200 ],
[ -3.93463e-08 ,9210 ],
[ 7.58172e-09 ,9220 ],
[ -6.73922e-08 ,9230 ],
[ 5.11368e-08 ,9240 ],
[ -1.19671e-09 ,9250 ],
[ 3.70863e-08 ,9260 ],
[ -7.08002e-09 ,9270 ],
[ 1.51447e-08 ,9280 ],
[ -2.484e-08 ,9290 ],
[ 4.64107e-08 ,9300 ],
[ -2.44234e-08 ,9310 ],
[ 2.45314e-08 ,9320 ],
[ -1.81674e-08 ,9330 ],
[ 6.96343e-08 ,9340 ],
[ 3.8916e-09 ,9350 ],
[ 1.03844e-08 ,9360 ],
[ 4.78813e-08 ,9370 ],
[ 2.43696e-08 ,9380 ],
[ -5.59752e-08 ,9390 ],
[ 3.6354e-08 ,9400 ],
[ -7.97871e-09 ,9410 ],
[ -3.09264e-08 ,9420 ],
[ 2.23827e-07 ,9430 ],
[ 4.41632e-08 ,9440 ],
[ 2.67045e-08 ,9450 ],
[ 5.52841e-08 ,9460 ],
[ 6.2355e-08 ,9470 ],
[ -2.37377e-08 ,9480 ],
[ -5.55334e-09 ,9490 ],
[ 4.81601e-08 ,9500 ],
[ 2.32636e-08 ,9510 ],
[ -4.47349e-08 ,9520 ],
[ -5.08174e-08 ,9530 ],
[ 4.45892e-08 ,9540 ],
[ 3.89883e-08 ,9550 ],
[ -3.22286e-09 ,9560 ],
[ -1.91523e-08 ,9570 ],
[ 4.65217e-08 ,9580 ],
[ 7.52452e-08 ,9590 ],
[ -2.85276e-08 ,9600 ],
[ 4.13201e-08 ,9610 ],
[ 7.78721e-08 ,9620 ],
[ 4.95287e-08 ,9630 ],
[ 6.41306e-08 ,9640 ],
[ 1.21243e-07 ,9650 ],
[ -4.39304e-08 ,9660 ],
[ -1.76112e-09 ,9670 ],
[ -3.60754e-09 ,9680 ],
[ 4.5378e-09 ,9690 ],
[ 6.9454e-08 ,9700 ],
[ -4.98103e-08 ,9710 ],
[ -1.97388e-09 ,9720 ],
[ -2.57004e-08 ,9730 ],
[ -3.20882e-10 ,9740 ],
[ 1.9203e-08 ,9750 ],
[ 1.26997e-09 ,9760 ],
[ 5.62674e-08 ,9770 ],
[ 4.79397e-09 ,9780 ],
[ -1.817e-08 ,9790 ],
[ -4.83176e-08 ,9800 ],
[ -3.70274e-08 ,9810 ],
[ 2.19302e-09 ,9820 ],
[ -4.51321e-08 ,9830 ],
[ -5.117e-08 ,9840 ],
[ -7.3329e-08 ,9850 ],
[ 1.90088e-10 ,9860 ],
[ 1.08858e-08 ,9870 ],
[ -7.16933e-08 ,9880 ],
[ -2.29802e-08 ,9890 ],
[ -1.80253e-08 ,9900 ],
[ -9.06648e-08 ,9910 ],
[ -7.50688e-08 ,9920 ],
[ -6.01e-09 ,9930 ],
[ 6.51227e-08 ,9940 ],
[ 6.59292e-08 ,9950 ],
[ -7.02018e-08 ,9960 ],
[ 2.7907e-08 ,9970 ],
[ 4.72654e-08 ,9980 ],
[ -8.89219e-08 ,9990 ],
[ -8.35696e-08 ,10000 ],
[ 4.30267e-08 ,10010 ],
[ -4.25521e-08 ,10020 ],
[ -1.27133e-08 ,10030 ],
[ -1.41252e-08 ,10040 ],
[ -6.04062e-08 ,10050 ],
[ -8.5421e-10 ,10060 ],
[ -8.01038e-08 ,10070 ],
[ -9.83939e-08 ,10080 ],
[ 2.19062e-09 ,10090 ],
[ 7.55259e-09 ,10100 ],
[ 5.13875e-09 ,10110 ],
[ -4.05086e-08 ,10120 ],
[ -3.91843e-08 ,10130 ],
[ -3.37974e-08 ,10140 ],
[ -1.41744e-08 ,10150 ],
[ -1.53213e-07 ,10160 ],
[ -1.43123e-08 ,10170 ],
[ 2.70787e-08 ,10180 ],
[ -3.66427e-09 ,10190 ],
[ -4.81537e-08 ,10200 ],
[ -2.248e-09 ,10210 ],
[ 4.85028e-08 ,10220 ],
[ -2.13882e-08 ,10230 ],
[ 5.22201e-08 ,10240 ],
[ 5.17633e-08 ,10250 ],
[ 2.35587e-08 ,10260 ],
[ 1.64657e-09 ,10270 ],
[ -2.87549e-08 ,10280 ],
[ 2.41704e-08 ,10290 ],
[ -4.31e-08 ,10300 ],
[ 7.46048e-08 ,10310 ],
[ 6.787e-08 ,10320 ],
[ -7.52879e-08 ,10330 ],
[ 6.23001e-08 ,10340 ],
[ 1.59819e-08 ,10350 ],
[ -2.772e-08 ,10360 ],
[ -9.89672e-08 ,10370 ],
[ -2.50198e-08 ,10380 ],
[ 4.44334e-08 ,10390 ],
[ 6.67981e-09 ,10400 ],
[ 3.12685e-08 ,10410 ],
[ 6.84986e-08 ,10420 ],
[ 2.50431e-08 ,10430 ],
[ 7.93083e-08 ,10440 ],
[ -1.67366e-08 ,10450 ],
[ -4.13368e-08 ,10460 ],
[ 1.08442e-10 ,10470 ],
[ 4.04112e-08 ,10480 ],
[ 6.38232e-08 ,10490 ],
[ 5.25179e-08 ,10500 ],
[ -1.94272e-08 ,10510 ],
[ -1.34727e-08 ,10520 ],
[ 5.53954e-09 ,10530 ],
[ 2.89315e-08 ,10540 ],
[ 8.90308e-08 ,10550 ],
[ 3.60072e-08 ,10560 ],
[ -4.31827e-08 ,10570 ],
[ -2.11412e-08 ,10580 ],
[ 4.29358e-08 ,10590 ],
[ -1.06074e-08 ,10600 ],
[ -1.46057e-08 ,10610 ],
[ 1.05488e-08 ,10620 ],
[ 1.77639e-08 ,10630 ],
[ 2.30085e-08 ,10640 ],
[ -1.80909e-08 ,10650 ],
[ 8.63437e-08 ,10660 ],
[ 7.2671e-08 ,10670 ],
[ 5.23194e-08 ,10680 ],
[ 1.18892e-07 ,10690 ],
[ -3.06588e-09 ,10700 ],
[ 7.58056e-08 ,10710 ],
[ 3.59526e-09 ,10720 ],
[ 4.79726e-08 ,10730 ],
[ 1.04603e-07 ,10740 ],
[ 2.53276e-08 ,10750 ],
[ 1.27189e-07 ,10760 ],
[ 8.05936e-08 ,10770 ],
[ 1.31351e-09 ,10780 ],
[ -9.4055e-08 ,10790 ],
[ -6.39393e-08 ,10800 ],
[ -5.51912e-08 ,10810 ],
[ -3.29899e-08 ,10820 ],
[ -8.35248e-08 ,10830 ],
[ -1.10577e-08 ,10840 ],
[ -3.79717e-08 ,10850 ],
[ 1.45794e-08 ,10860 ],
[ 5.25601e-10 ,10870 ],
[ -1.24312e-07 ,10880 ],
[ -4.91723e-08 ,10890 ],
[ -2.61058e-09 ,10900 ],
[ 6.37205e-08 ,10910 ],
[ -7.06984e-08 ,10920 ],
[ -7.12756e-08 ,10930 ],
[ 3.11205e-08 ,10940 ],
[ 1.83043e-09 ,10950 ],
[ -4.80387e-08 ,10960 ],
[ -4.42192e-09 ,10970 ],
[ -2.33729e-08 ,10980 ],
[ -2.54811e-08 ,10990 ],
[ 3.66662e-08 ,11000 ],
[ -1.82797e-08 ,11010 ],
[ 4.60477e-08 ,11020 ],
[ 2.10982e-08 ,11030 ],
[ 1.93288e-09 ,11040 ],
[ 2.1958e-08 ,11050 ],
[ 3.45038e-08 ,11060 ],
[ -7.33847e-08 ,11070 ],
[ 3.14203e-08 ,11080 ],
[ -1.35979e-07 ,11090 ],
[ -1.6347e-08 ,11100 ],
[ -2.12229e-07 ,11110 ],
[ 7.31853e-09 ,11120 ],
[ 2.10091e-08 ,11130 ],
[ 1.71082e-08 ,11140 ],
[ -9.32552e-09 ,11150 ],
[ -1.69306e-07 ,11160 ],
[ 2.54693e-08 ,11170 ],
[ 5.04472e-08 ,11180 ],
[ -1.54724e-08 ,11190 ],
[ 1.72304e-09 ,11200 ],
[ 1.40712e-09 ,11210 ],
[ -1.58361e-08 ,11220 ],
[ -1.104e-08 ,11230 ],
[ -8.33337e-08 ,11240 ],
[ -4.98484e-08 ,11250 ],
[ 3.92207e-08 ,11260 ],
[ 4.89573e-09 ,11270 ],
[ 2.27387e-08 ,11280 ],
[ 2.06009e-08 ,11290 ],
[ -2.58193e-08 ,11300 ],
[ -4.47642e-08 ,11310 ],
[ 2.14483e-08 ,11320 ],
[ -4.41076e-08 ,11330 ],
[ 1.77058e-09 ,11340 ],
[ 1.58943e-09 ,11350 ],
[ 4.65321e-08 ,11360 ],
[ -2.30837e-08 ,11370 ],
[ -3.51248e-09 ,11380 ],
[ 7.81956e-08 ,11390 ],
[ -6.97781e-08 ,11400 ],
[ -5.86449e-08 ,11410 ],
[ 5.04291e-08 ,11420 ],
[ -2.10207e-08 ,11430 ],
[ 2.25899e-08 ,11440 ],
[ 8.54395e-08 ,11450 ],
[ -6.58366e-08 ,11460 ],
[ -1.64462e-08 ,11470 ],
[ -3.72746e-08 ,11480 ],
[ 5.72676e-08 ,11490 ],
[ -6.80453e-08 ,11500 ],
[ 3.36098e-08 ,11510 ],
[ 3.87587e-08 ,11520 ],
[ 2.92897e-08 ,11530 ],
[ -1.04672e-09 ,11540 ],
[ -1.30921e-08 ,11550 ],
[ 1.34173e-08 ,11560 ],
[ 2.36981e-08 ,11570 ],
[ 4.49611e-08 ,11580 ],
[ 1.18694e-07 ,11590 ],
[ 9.24351e-08 ,11600 ],
[ 1.07451e-09 ,11610 ],
[ -2.11213e-09 ,11620 ],
[ 7.22284e-09 ,11630 ],
[ -4.53826e-08 ,11640 ],
[ 1.91364e-08 ,11650 ],
[ -2.57656e-08 ,11660 ],
[ 7.06238e-08 ,11670 ],
[ 4.29192e-09 ,11680 ],
[ 1.79505e-08 ,11690 ],
[ 5.89519e-08 ,11700 ],
[ 2.99868e-08 ,11710 ],
[ 1.38543e-07 ,11720 ],
[ 3.88577e-08 ,11730 ],
[ 1.18492e-08 ,11740 ],
[ 2.38458e-09 ,11750 ],
[ 1.33383e-09 ,11760 ],
[ 1.17377e-07 ,11770 ],
[ 4.03881e-08 ,11780 ],
[ 1.89365e-07 ,11790 ],
[ 6.33465e-09 ,11800 ],
[ -3.00701e-08 ,11810 ],
[ 2.45684e-08 ,11820 ],
[ 1.21569e-08 ,11830 ],
[ -7.29028e-08 ,11840 ],
[ -3.2883e-08 ,11850 ],
[ 6.35799e-09 ,11860 ],
[ 8.14622e-08 ,11870 ],
[ -5.82522e-08 ,11880 ],
[ -5.37608e-08 ,11890 ],
[ -1.21179e-08 ,11900 ],
[ 3.27594e-08 ,11910 ],
[ -3.0277e-08 ,11920 ],
[ -8.95525e-08 ,11930 ],
[ 2.07211e-10 ,11940 ],
[ -1.28858e-08 ,11950 ],
[ 2.53281e-08 ,11960 ],
[ 7.27476e-08 ,11970 ],
[ 2.65313e-08 ,11980 ],
[ -2.19891e-08 ,11990 ],
[ -1.09003e-07 ,12000 ],
[ 3.51748e-08 ,12010 ],
[ 3.35479e-08 ,12020 ],
[ -6.02979e-08 ,12030 ],
[ 4.98696e-08 ,12040 ],
[ -3.39709e-08 ,12050 ],
[ -1.70163e-08 ,12060 ],
[ -2.49604e-09 ,12070 ],
[ -2.67952e-08 ,12080 ],
[ -4.47323e-08 ,12090 ],
[ -7.48626e-08 ,12100 ],
[ -2.12238e-08 ,12110 ],
[ -1.26482e-07 ,12120 ],
[ -7.60229e-10 ,12130 ],
[ -4.69104e-08 ,12140 ],
[ -6.87878e-08 ,12150 ],
[ -9.7197e-10 ,12160 ],
[ -2.9138e-08 ,12170 ],
[ 2.73966e-08 ,12180 ],
[ -6.22154e-08 ,12190 ],
[ -4.48541e-08 ,12200 ],
[ 4.33282e-08 ,12210 ],
[ 3.93593e-08 ,12220 ],
[ -1.41238e-08 ,12230 ],
[ -1.02863e-07 ,12240 ],
[ 2.41443e-08 ,12250 ],
[ -3.87652e-08 ,12260 ],
[ -2.69685e-09 ,12270 ],
[ -3.71303e-09 ,12280 ],
[ -2.10742e-08 ,12290 ],
[ -6.91978e-08 ,12300 ],
[ 3.8137e-08 ,12310 ],
[ -3.12358e-08 ,12320 ],
[ 1.54354e-10 ,12330 ],
[ 8.73967e-10 ,12340 ],
[ -6.19604e-08 ,12350 ],
[ -7.25829e-08 ,12360 ],
[ -3.759e-08 ,12370 ],
[ -1.45471e-08 ,12380 ],
[ -2.50354e-08 ,12390 ],
[ 4.87933e-08 ,12400 ],
[ -7.30858e-09 ,12410 ],
[ -8.89219e-08 ,12420 ],
[ -9.29959e-09 ,12430 ],
[ -2.662e-08 ,12440 ],
[ -4.10824e-08 ,12450 ],
[ -1.77838e-08 ,12460 ],
[ 2.80494e-09 ,12470 ],
[ 2.56313e-08 ,12480 ],
[ 1.22043e-09 ,12490 ],
[ 2.10587e-08 ,12500 ],
[ 2.17662e-08 ,12510 ],
[ -2.47728e-08 ,12520 ],
[ 4.61588e-08 ,12530 ],
[ 4.59025e-08 ,12540 ],
[ -5.19592e-08 ,12550 ],
[ 3.9959e-08 ,12560 ],
[ 5.02584e-09 ,12570 ],
[ 7.08701e-08 ,12580 ],
[ 4.83657e-08 ,12590 ],
[ 3.47946e-09 ,12600 ],
[ -1.78427e-08 ,12610 ],
[ 3.25899e-08 ,12620 ],
[ -1.61879e-08 ,12630 ],
[ 1.4574e-07 ,12640 ],
[ 2.93923e-08 ,12650 ],
[ 7.80872e-09 ,12660 ],
[ 6.08538e-09 ,12670 ],
[ 6.31588e-08 ,12680 ],
[ 1.09117e-08 ,12690 ],
[ -2.00666e-09 ,12700 ],
[ 2.14913e-08 ,12710 ],
[ -8.06434e-09 ,12720 ],
[ -8.30568e-09 ,12730 ],
[ -2.7883e-08 ,12740 ],
[ -2.39331e-09 ,12750 ],
[ 2.93684e-08 ,12760 ],
[ 8.69141e-08 ,12770 ],
[ 1.14328e-07 ,12780 ],
[ 5.75431e-08 ,12790 ],
[ 5.98668e-09 ,12800 ],
[ 5.70284e-08 ,12810 ],
[ 1.23739e-07 ,12820 ],
[ -3.03631e-09 ,12830 ],
[ -9.4192e-09 ,12840 ],
[ 8.14083e-09 ,12850 ],
[ 1.38396e-07 ,12860 ],
[ 6.79618e-08 ,12870 ],
[ -2.84805e-08 ,12880 ],
[ -6.61639e-08 ,12890 ],
[ -4.5984e-08 ,12900 ],
[ -5.21361e-08 ,12910 ],
[ -2.57116e-08 ,12920 ],
[ -1.17688e-08 ,12930 ],
[ 2.96782e-08 ,12940 ],
[ -3.30121e-08 ,12950 ],
[ 5.56872e-08 ,12960 ],
[ -6.8109e-09 ,12970 ],
[ 3.21449e-08 ,12980 ],
[ -3.44711e-08 ,12990 ],
[ -1.06827e-07 ,13000 ],
[ -4.37898e-08 ,13010 ],
[ 3.52658e-08 ,13020 ],
[ 1.17872e-07 ,13030 ],
[ -5.17724e-10 ,13040 ],
[ 1.49411e-08 ,13050 ],
[ 7.31356e-08 ,13060 ],
[ 6.09464e-08 ,13070 ],
[ 1.11031e-08 ,13080 ],
[ 4.75228e-08 ,13090 ],
[ -2.87709e-08 ,13100 ],
[ -7.87432e-09 ,13110 ],
[ -7.57734e-08 ,13120 ],
[ -1.1171e-07 ,13130 ],
[ -4.83967e-08 ,13140 ],
[ -3.47291e-08 ,13150 ],
[ 6.66302e-09 ,13160 ],
[ -5.49608e-08 ,13170 ],
[ 2.4501e-08 ,13180 ],
[ -5.48428e-08 ,13190 ],
[ -1.77962e-08 ,13200 ],
[ 2.38846e-08 ,13210 ],
[ 1.69088e-09 ,13220 ],
[ -7.0751e-08 ,13230 ],
[ -4.40571e-08 ,13240 ],
[ -4.72187e-08 ,13250 ],
[ -8.84433e-08 ,13260 ],
[ 2.47846e-09 ,13270 ],
[ -8.25702e-08 ,13280 ],
[ -6.97464e-10 ,13290 ],
[ 2.60924e-08 ,13300 ],
[ 1.35951e-08 ,13310 ],
[ -1.10931e-09 ,13320 ],
[ -2.92636e-08 ,13330 ],
[ -2.6352e-08 ,13340 ],
[ -3.10366e-08 ,13350 ],
[ 4.52022e-09 ,13360 ],
[ -3.82837e-08 ,13370 ],
[ -3.91004e-08 ,13380 ],
[ -1.57352e-07 ,13390 ],
[ -3.23178e-08 ,13400 ],
[ -4.83503e-09 ,13410 ],
[ -7.10418e-08 ,13420 ],
[ 2.35915e-08 ,13430 ],
[ -2.07757e-08 ,13440 ],
[ -1.64346e-08 ,13450 ],
[ 7.05944e-09 ,13460 ],
[ -2.69123e-08 ,13470 ],
[ -4.55872e-08 ,13480 ],
[ 1.04949e-07 ,13490 ],
[ -2.0881e-08 ,13500 ],
[ 7.30624e-09 ,13510 ],
[ 7.63652e-09 ,13520 ],
[ 3.89169e-08 ,13530 ],
[ 3.59292e-08 ,13540 ],
[ -6.14149e-09 ,13550 ],
[ -3.12595e-08 ,13560 ],
[ 9.70139e-09 ,13570 ],
[ -5.20336e-08 ,13580 ],
[ 7.53913e-08 ,13590 ],
[ 2.00392e-08 ,13600 ],
[ 2.27798e-08 ,13610 ],
[ 1.43814e-07 ,13620 ],
[ -2.01448e-08 ,13630 ],
[ 2.11745e-09 ,13640 ],
[ 1.97801e-09 ,13650 ],
[ 4.55338e-08 ,13660 ],
[ -8.1543e-10 ,13670 ],
[ -4.1943e-09 ,13680 ],
[ 4.98296e-08 ,13690 ],
[ -2.33603e-09 ,13700 ],
[ -4.42457e-08 ,13710 ],
[ -1.83313e-08 ,13720 ],
[ -2.59059e-08 ,13730 ],
[ 6.63574e-08 ,13740 ],
[ 9.84714e-09 ,13750 ],
[ 1.47048e-08 ,13760 ],
[ 2.41542e-08 ,13770 ],
[ 1.49693e-07 ,13780 ],
[ 4.23716e-08 ,13790 ],
[ -7.333e-08 ,13800 ],
[ 5.47885e-09 ,13810 ],
[ 2.88526e-08 ,13820 ],
[ 4.36885e-08 ,13830 ],
[ 4.10257e-09 ,13840 ],
[ -1.85223e-09 ,13850 ],
[ 4.33152e-08 ,13860 ],
[ 2.5905e-08 ,13870 ],
[ -1.01931e-08 ,13880 ],
[ 6.80052e-10 ,13890 ],
[ 2.13892e-08 ,13900 ],
[ 2.24977e-09 ,13910 ],
[ 2.34349e-08 ,13920 ],
[ 7.05842e-08 ,13930 ],
[ 9.58147e-08 ,13940 ],
[ 2.67476e-08 ,13950 ],
[ -1.1023e-08 ,13960 ],
[ -1.02329e-08 ,13970 ],
[ 1.95662e-08 ,13980 ],
[ 1.29741e-07 ,13990 ],
[ -4.0859e-08 ,14000 ],
[ -3.98685e-08 ,14010 ],
[ -2.58719e-08 ,14020 ],
[ -1.7454e-08 ,14030 ],
[ 3.93239e-08 ,14040 ],
[ -3.06773e-10 ,14050 ],
[ 4.19252e-10 ,14060 ],
[ 1.23282e-08 ,14070 ],
[ 4.33638e-09 ,14080 ],
[ 1.03613e-07 ,14090 ],
[ 1.5374e-08 ,14100 ],
[ -2.84291e-08 ,14110 ],
[ -5.36706e-08 ,14120 ],
[ 1.91975e-08 ,14130 ],
[ 1.4606e-08 ,14140 ],
[ -4.20878e-08 ,14150 ],
[ 2.48826e-08 ,14160 ],
[ -1.76625e-09 ,14170 ],
[ 5.34711e-08 ,14180 ],
[ -4.44999e-08 ,14190 ],
[ -7.33726e-08 ,14200 ],
[ -1.97041e-08 ,14210 ],
[ -5.17053e-08 ,14220 ],
[ -8.41102e-09 ,14230 ],
[ 3.42241e-09 ,14240 ],
[ -2.91302e-09 ,14250 ],
[ -4.90626e-08 ,14260 ],
[ -6.28622e-08 ,14270 ],
[ -4.11961e-08 ,14280 ],
[ -5.40389e-08 ,14290 ],
[ -1.1629e-07 ,14300 ],
[ -3.56963e-08 ,14310 ],
[ -6.34619e-08 ,14320 ],
[ -1.10774e-07 ,14330 ],
[ -3.17236e-08 ,14340 ],
[ -3.54524e-08 ,14350 ],
[ -1.56512e-09 ,14360 ],
[ -6.9697e-08 ,14370 ],
[ -1.08276e-08 ,14380 ],
[ -2.69205e-08 ,14390 ],
[ 7.59168e-08 ,14400 ],
[ 7.34495e-08 ,14410 ],
[ 6.77532e-08 ,14420 ],
[ 3.02357e-08 ,14430 ],
[ -5.83492e-08 ,14440 ],
[ -2.5135e-08 ,14450 ],
[ -1.61603e-08 ,14460 ],
[ -2.62982e-09 ,14470 ],
[ 5.18633e-09 ,14480 ],
[ -9.29407e-08 ,14490 ],
[ 7.24963e-08 ,14500 ],
[ 2.88748e-08 ,14510 ],
[ -3.40938e-08 ,14520 ],
[ -2.78454e-09 ,14530 ],
[ -2.85628e-08 ,14540 ],
[ 1.56972e-09 ,14550 ],
[ -2.40893e-08 ,14560 ],
[ -3.27373e-08 ,14570 ],
[ -1.99404e-08 ,14580 ],
[ -7.52851e-09 ,14590 ],
[ 1.58189e-08 ,14600 ],
[ 1.22307e-08 ,14610 ],
[ 1.19055e-08 ,14620 ],
[ -4.346e-08 ,14630 ],
[ -4.14135e-08 ,14640 ],
[ -1.04188e-09 ,14650 ],
[ 1.56281e-08 ,14660 ],
[ 2.70221e-08 ,14670 ],
[ 1.20129e-08 ,14680 ],
[ 2.09903e-08 ,14690 ],
[ 3.42208e-08 ,14700 ],
[ -2.33612e-11 ,14710 ],
[ -7.59155e-08 ,14720 ],
[ 3.33642e-08 ,14730 ],
[ -3.37913e-08 ,14740 ],
[ -4.10017e-08 ,14750 ],
[ 8.20396e-08 ,14760 ],
[ 2.76799e-08 ,14770 ],
[ 3.55193e-08 ,14780 ],
[ -3.18108e-08 ,14790 ],
[ 3.14084e-08 ,14800 ],
[ 9.14707e-09 ,14810 ],
[ 3.08929e-08 ,14820 ],
[ -4.50182e-08 ,14830 ],
[ -4.10375e-08 ,14840 ],
[ 3.28997e-08 ,14850 ],
[ 7.7421e-08 ,14860 ],
[ 4.15529e-08 ,14870 ],
[ 2.67339e-08 ,14880 ],
[ 1.01568e-08 ,14890 ],
[ 9.23119e-08 ,14900 ],
[ 6.2574e-08 ,14910 ],
[ -2.80668e-08 ,14920 ],
[ 4.00997e-08 ,14930 ],
[ 2.8034e-08 ,14940 ],
[ 3.2939e-08 ,14950 ],
[ 8.66379e-08 ,14960 ],
[ 1.27091e-07 ,14970 ],
[ -1.06499e-08 ,14980 ],
[ -1.47615e-09 ,14990 ],
[ -1.97815e-08 ,15000 ],
[ 5.04634e-08 ,15010 ],
[ -2.54426e-09 ,15020 ],
[ -3.65876e-08 ,15030 ],
[ -1.03577e-08 ,15040 ],
[ -3.24754e-08 ,15050 ],
[ -2.07562e-09 ,15060 ],
[ -3.23868e-10 ,15070 ],
[ 1.05134e-08 ,15080 ],
[ 2.66992e-08 ,15090 ],
[ 1.35264e-08 ,15100 ],
[ 3.49946e-08 ,15110 ],
[ -1.68801e-08 ,15120 ],
[ 4.53161e-09 ,15130 ],
[ 2.50102e-08 ,15140 ],
[ 4.28972e-08 ,15150 ],
[ 2.5137e-08 ,15160 ],
[ 3.73598e-09 ,15170 ],
[ 2.76191e-08 ,15180 ],
[ 2.95878e-08 ,15190 ],
[ 6.28205e-08 ,15200 ],
[ -3.41301e-08 ,15210 ],
[ 4.17747e-08 ,15220 ],
[ -9.72291e-09 ,15230 ],
[ -2.51777e-08 ,15240 ],
[ 3.07493e-09 ,15250 ],
[ -7.33046e-09 ,15260 ],
[ -3.83084e-09 ,15270 ],
[ 2.52441e-08 ,15280 ],
[ -1.53606e-08 ,15290 ],
[ -6.58088e-08 ,15300 ],
[ -1.2134e-08 ,15310 ],
[ -2.02268e-08 ,15320 ],
[ -9.40784e-08 ,15330 ],
[ -1.07901e-07 ,15340 ],
[ -4.13623e-08 ,15350 ],
[ -3.35245e-08 ,15360 ],
[ -4.46632e-08 ,15370 ],
[ 1.82488e-08 ,15380 ],
[ -5.86816e-08 ,15390 ],
[ -1.34793e-08 ,15400 ],
[ 1.63041e-08 ,15410 ],
[ -8.15344e-08 ,15420 ],
[ -7.31838e-08 ,15430 ],
[ -8.68489e-09 ,15440 ],
[ -1.13763e-08 ,15450 ],
[ 2.00409e-09 ,15460 ],
[ -2.21736e-08 ,15470 ],
[ -8.77303e-09 ,15480 ],
[ 5.52423e-08 ,15490 ],
[ -5.41658e-08 ,15500 ],
[ 5.91624e-10 ,15510 ],
[ -8.70578e-09 ,15520 ],
[ -5.64749e-08 ,15530 ],
[ -1.5202e-08 ,15540 ],
[ -4.33288e-08 ,15550 ],
[ -1.45332e-08 ,15560 ],
[ 6.33618e-09 ,15570 ],
[ -1.72013e-08 ,15580 ],
[ 2.72591e-08 ,15590 ],
[ -1.20505e-08 ,15600 ],
[ 6.32542e-09 ,15610 ],
[ -5.27067e-08 ,15620 ],
[ -2.25369e-08 ,15630 ],
[ 1.65816e-08 ,15640 ],
[ -3.57079e-09 ,15650 ],
[ 9.80386e-09 ,15660 ],
[ -6.51713e-09 ,15670 ],
[ -3.76595e-08 ,15680 ],
[ -6.05752e-09 ,15690 ],
[ 4.49565e-08 ,15700 ],
[ 6.47714e-08 ,15710 ],
[ -7.07711e-09 ,15720 ],
[ -1.70098e-08 ,15730 ],
[ -3.92805e-08 ,15740 ],
[ 4.20352e-09 ,15750 ],
[ -2.54355e-08 ,15760 ],
[ -4.80627e-09 ,15770 ],
[ -3.09547e-08 ,15780 ],
[ -1.41999e-08 ,15790 ],
[ 2.6681e-08 ,15800 ],
[ 9.79634e-09 ,15810 ],
[ -4.56225e-08 ,15820 ],
[ 5.56054e-08 ,15830 ],
[ 5.3115e-08 ,15840 ],
[ 1.55598e-08 ,15850 ],
[ 6.58881e-08 ,15860 ],
[ 5.14609e-08 ,15870 ],
[ -4.29389e-08 ,15880 ],
[ 1.73544e-08 ,15890 ],
[ 9.25859e-08 ,15900 ],
[ 1.15657e-08 ,15910 ],
[ 1.41418e-08 ,15920 ],
[ 1.59874e-08 ,15930 ],
[ -3.73095e-10 ,15940 ],
[ 2.5048e-10 ,15950 ],
[ 3.68643e-08 ,15960 ],
[ 5.76374e-09 ,15970 ],
[ 9.1015e-09 ,15980 ],
[ 1.18007e-07 ,15990 ],
[ -9.42495e-09 ,16000 ],
[ 2.17436e-08 ,16010 ],
[ -2.48325e-08 ,16020 ],
[ 2.31263e-09 ,16030 ],
[ 6.71464e-08 ,16040 ],
[ -2.70533e-09 ,16050 ],
[ 9.49788e-08 ,16060 ],
[ -1.13826e-08 ,16070 ],
[ 7.88994e-09 ,16080 ],
[ 2.72056e-08 ,16090 ],
[ -1.47306e-08 ,16100 ],
[ -1.58713e-08 ,16110 ],
[ -3.73471e-08 ,16120 ],
[ 2.48173e-08 ,16130 ],
[ 6.66766e-08 ,16140 ],
[ 1.83041e-08 ,16150 ],
[ 2.16711e-09 ,16160 ],
[ -5.3316e-09 ,16170 ],
[ -3.26403e-08 ,16180 ],
[ 8.39392e-08 ,16190 ],
[ 4.33625e-08 ,16200 ],
[ 7.39264e-08 ,16210 ],
[ -1.50797e-08 ,16220 ],
[ 2.02858e-08 ,16230 ],
[ 7.72119e-10 ,16240 ],
[ 8.25758e-08 ,16250 ],
[ 1.58448e-08 ,16260 ],
[ 5.19304e-08 ,16270 ],
[ 4.33679e-08 ,16280 ],
[ -2.99022e-08 ,16290 ],
[ -3.17403e-10 ,16300 ],
[ -8.37698e-09 ,16310 ],
[ -3.91527e-08 ,16320 ],
[ -6.45306e-09 ,16330 ],
[ -1.54996e-08 ,16340 ],
[ -1.28053e-08 ,16350 ],
[ -7.49941e-08 ,16360 ],
[ -6.13792e-08 ,16370 ],
[ -1.35641e-07 ,16380 ],
[ -3.54949e-08 ,16390 ],
[ -4.64884e-08 ,16400 ],
[ 2.00185e-09 ,16410 ],
[ 4.31232e-09 ,16420 ],
[ 3.29947e-08 ,16430 ],
[ -2.63638e-08 ,16440 ],
[ -4.26916e-08 ,16450 ],
[ -5.24316e-08 ,16460 ],
[ -5.61261e-08 ,16470 ],
[ -4.24253e-09 ,16480 ],
[ -1.13923e-08 ,16490 ],
[ -1.55797e-08 ,16500 ],
[ 1.85816e-08 ,16510 ],
[ 1.24279e-08 ,16520 ],
[ -5.23831e-08 ,16530 ],
[ -7.75476e-09 ,16540 ],
[ 1.33621e-08 ,16550 ],
[ 3.34449e-09 ,16560 ],
[ -5.19319e-08 ,16570 ],
[ -1.61553e-08 ,16580 ],
[ -6.90492e-08 ,16590 ],
[ -6.73898e-08 ,16600 ],
[ -7.57536e-08 ,16610 ],
[ -2.35814e-08 ,16620 ],
[ -6.97942e-08 ,16630 ],
[ -1.48186e-08 ,16640 ],
[ 6.39162e-09 ,16650 ],
[ 5.16359e-08 ,16660 ],
[ 3.03677e-09 ,16670 ],
[ 6.4498e-08 ,16680 ],
[ -1.36769e-07 ,16690 ],
[ -8.14619e-09 ,16700 ],
[ -7.00709e-08 ,16710 ],
[ -8.3796e-09 ,16720 ],
[ 5.52571e-08 ,16730 ],
[ 7.91159e-09 ,16740 ],
[ -6.70902e-08 ,16750 ],
[ -3.15061e-08 ,16760 ],
[ -1.77979e-08 ,16770 ],
[ 2.67673e-08 ,16780 ],
[ 1.59463e-08 ,16790 ],
[ -1.2609e-08 ,16800 ],
[ 7.5131e-08 ,16810 ],
[ -5.64429e-08 ,16820 ],
[ 2.33217e-08 ,16830 ],
[ -8.04695e-09 ,16840 ],
[ 2.6018e-08 ,16850 ],
[ 9.01976e-10 ,16860 ],
[ -5.99094e-08 ,16870 ],
[ 8.19376e-09 ,16880 ],
[ -3.40901e-08 ,16890 ],
[ 3.83191e-08 ,16900 ],
[ 1.2273e-08 ,16910 ],
[ -4.28031e-08 ,16920 ],
[ 1.69191e-08 ,16930 ],
[ 1.3738e-08 ,16940 ],
[ 5.4018e-08 ,16950 ],
[ 7.0429e-08 ,16960 ],
[ 5.08947e-08 ,16970 ],
[ -5.479e-10 ,16980 ],
[ 4.69794e-08 ,16990 ],
[ -2.22173e-08 ,17000 ],
[ 4.12074e-08 ,17010 ],
[ 2.67305e-09 ,17020 ],
[ 9.6865e-10 ,17030 ],
[ 3.5827e-08 ,17040 ],
[ 2.38685e-10 ,17050 ],
[ 4.53746e-08 ,17060 ],
[ 5.62974e-08 ,17070 ],
[ -2.23133e-08 ,17080 ],
[ 3.16614e-08 ,17090 ],
[ 4.37915e-08 ,17100 ],
[ 8.26407e-08 ,17110 ],
[ 1.26911e-08 ,17120 ],
[ 1.30733e-08 ,17130 ],
[ 2.92925e-08 ,17140 ],
[ -1.53481e-10 ,17150 ],
[ -3.67524e-09 ,17160 ],
[ -4.02769e-09 ,17170 ],
[ 6.07454e-08 ,17180 ],
[ 1.83933e-08 ,17190 ],
[ -2.17945e-08 ,17200 ],
[ 5.55024e-08 ,17210 ],
[ 9.64182e-08 ,17220 ],
[ 6.03905e-08 ,17230 ],
[ 7.348e-08 ,17240 ],
[ -2.12812e-08 ,17250 ],
[ -2.34127e-08 ,17260 ],
[ -1.08728e-08 ,17270 ],
[ 1.20332e-08 ,17280 ],
[ 8.33449e-08 ,17290 ],
[ 4.12779e-08 ,17300 ],
[ 2.04589e-08 ,17310 ],
[ 3.6434e-08 ,17320 ],
[ 2.33653e-09 ,17330 ],
[ 1.63402e-08 ,17340 ],
[ 1.58307e-08 ,17350 ],
[ -1.43829e-08 ,17360 ],
[ 3.80055e-09 ,17370 ],
[ -1.27218e-09 ,17380 ],
[ -6.35739e-08 ,17390 ],
[ -5.58327e-09 ,17400 ],
[ -2.55041e-08 ,17410 ],
[ 1.28207e-08 ,17420 ],
[ -3.56249e-08 ,17430 ],
[ -5.13213e-08 ,17440 ],
[ -1.75417e-08 ,17450 ],
[ 3.28769e-08 ,17460 ],
[ -7.76581e-08 ,17470 ],
[ -6.85543e-08 ,17480 ],
[ -7.48275e-08 ,17490 ],
[ -3.53029e-08 ,17500 ],
[ 9.76286e-10 ,17510 ],
[ -7.79924e-08 ,17520 ],
[ -7.78492e-08 ,17530 ],
[ -3.5375e-08 ,17540 ],
[ -2.43276e-08 ,17550 ],
[ -5.62597e-11 ,17560 ],
[ -4.10898e-08 ,17570 ],
[ -2.63446e-08 ,17580 ],
[ 5.43103e-10 ,17590 ],
[ 1.11443e-08 ,17600 ],
[ -4.7763e-08 ,17610 ],
[ -9.50725e-08 ,17620 ],
[ -4.64045e-08 ,17630 ],
[ -2.66576e-08 ,17640 ],
[ -6.90911e-08 ,17650 ],
[ -8.60505e-09 ,17660 ],
[ -8.37998e-08 ,17670 ],
[ -5.79926e-08 ,17680 ],
[ 2.26566e-08 ,17690 ],
[ 1.75713e-08 ,17700 ],
[ 3.76611e-08 ,17710 ],
[ 2.47951e-08 ,17720 ],
[ 3.7525e-08 ,17730 ],
[ -8.82264e-09 ,17740 ],
[ 7.40909e-09 ,17750 ],
[ -7.54284e-08 ,17760 ],
[ -5.43438e-08 ,17770 ],
[ -7.79608e-09 ,17780 ],
[ 1.82401e-08 ,17790 ],
[ 1.70464e-08 ,17800 ],
[ -4.65441e-09 ,17810 ],
[ -1.51815e-08 ,17820 ],
[ 1.36395e-08 ,17830 ],
[ 2.11664e-08 ,17840 ],
[ 4.94817e-09 ,17850 ],
[ -8.85799e-09 ,17860 ],
[ 9.05858e-09 ,17870 ],
[ 5.44285e-08 ,17880 ],
[ -3.01116e-08 ,17890 ],
[ 4.60752e-08 ,17900 ],
[ -1.04028e-08 ,17910 ],
[ -5.37405e-09 ,17920 ],
[ 2.99768e-08 ,17930 ],
[ 2.4709e-09 ,17940 ],
[ 3.0165e-08 ,17950 ],
[ -2.17499e-08 ,17960 ],
[ -4.07616e-09 ,17970 ],
[ 3.69725e-08 ,17980 ],
[ 5.17409e-08 ,17990 ],
[ -3.72098e-08 ,18000 ],
[ -1.381e-08 ,18010 ],
[ 7.03332e-08 ,18020 ],
[ 2.48941e-08 ,18030 ],
[ 5.93852e-08 ,18040 ],
[ -1.6276e-08 ,18050 ],
[ 6.04201e-08 ,18060 ],
[ 3.24688e-08 ,18070 ],
[ 3.07079e-09 ,18080 ],
[ 1.1106e-08 ,18090 ],
[ 2.11045e-08 ,18100 ],
[ -5.09252e-09 ,18110 ],
[ -2.29258e-09 ,18120 ],
[ 2.23519e-08 ,18130 ],
[ 7.51924e-08 ,18140 ],
[ 3.41155e-08 ,18150 ],
[ 2.50215e-09 ,18160 ],
[ 1.26562e-08 ,18170 ],
[ -2.96235e-08 ,18180 ],
[ 3.67442e-08 ,18190 ],
[ 8.43316e-08 ,18200 ],
[ 7.24845e-08 ,18210 ],
[ 5.95911e-08 ,18220 ],
[ 1.78902e-08 ,18230 ],
[ 6.2905e-08 ,18240 ],
[ 1.37519e-08 ,18250 ],
[ -2.98284e-08 ,18260 ],
[ -6.15161e-08 ,18270 ],
[ -3.20564e-08 ,18280 ],
[ -2.01576e-08 ,18290 ],
[ -3.13762e-08 ,18300 ],
[ 4.46011e-09 ,18310 ],
[ 9.55901e-08 ,18320 ],
[ 1.9916e-08 ,18330 ],
[ -4.6278e-09 ,18340 ],
[ 1.88801e-08 ,18350 ],
[ 8.0475e-08 ,18360 ],
[ 6.19375e-08 ,18370 ],
[ 5.15017e-08 ,18380 ],
[ -1.16605e-08 ,18390 ],
[ -1.73027e-08 ,18400 ],
[ -1.18192e-08 ,18410 ],
[ -2.71183e-08 ,18420 ],
[ 4.96929e-08 ,18430 ],
[ 4.35713e-08 ,18440 ],
[ -6.31441e-08 ,18450 ],
[ -1.13834e-07 ,18460 ],
[ -1.05779e-07 ,18470 ],
[ -3.8152e-08 ,18480 ],
[ -1.62114e-08 ,18490 ],
[ 9.01234e-09 ,18500 ],
[ -2.35103e-08 ,18510 ],
[ 3.51673e-08 ,18520 ],
[ -1.85068e-08 ,18530 ],
[ 4.00679e-09 ,18540 ],
[ -3.35805e-09 ,18550 ],
[ 3.4479e-08 ,18560 ],
[ -5.09687e-08 ,18570 ],
[ -1.56999e-08 ,18580 ],
[ -6.81061e-08 ,18590 ],
[ -1.54297e-08 ,18600 ],
[ 9.74195e-09 ,18610 ],
[ 1.16328e-08 ,18620 ],
[ -2.98699e-08 ,18630 ],
[ -2.88311e-08 ,18640 ],
[ -2.96626e-10 ,18650 ],
[ -3.7118e-08 ,18660 ],
[ -7.5763e-10 ,18670 ],
[ -4.11462e-08 ,18680 ],
[ -4.26488e-08 ,18690 ],
[ -2.76347e-08 ,18700 ],
[ 2.05648e-08 ,18710 ],
[ -7.51496e-08 ,18720 ],
[ -4.37553e-09 ,18730 ],
[ -9.2959e-09 ,18740 ],
[ -2.7921e-08 ,18750 ],
[ -1.06749e-08 ,18760 ],
[ -4.1423e-09 ,18770 ],
[ 6.70481e-08 ,18780 ],
[ -7.98763e-09 ,18790 ],
[ -9.83608e-09 ,18800 ],
[ -2.37102e-08 ,18810 ],
[ -2.78884e-08 ,18820 ],
[ -1.93479e-09 ,18830 ],
[ 7.54333e-09 ,18840 ],
[ -1.19496e-08 ,18850 ],
[ -3.72435e-08 ,18860 ],
[ -2.46725e-08 ,18870 ],
[ -9.35432e-08 ,18880 ],
[ -5.47386e-08 ,18890 ],
[ -2.63863e-08 ,18900 ],
[ -2.91261e-08 ,18910 ],
[ -1.40632e-08 ,18920 ],
[ -8.67444e-09 ,18930 ],
[ -3.0074e-08 ,18940 ],
[ -6.55102e-08 ,18950 ],
[ -1.59535e-08 ,18960 ],
[ -1.66495e-08 ,18970 ],
[ -2.2668e-08 ,18980 ],
[ 4.12874e-08 ,18990 ],
[ 2.78494e-08 ,19000 ],
[ 4.52017e-08 ,19010 ],
[ -3.41537e-08 ,19020 ],
[ -6.10268e-09 ,19030 ],
[ 2.68761e-08 ,19040 ],
[ 2.47684e-08 ,19050 ],
[ 2.14018e-08 ,19060 ],
[ 1.63991e-08 ,19070 ],
[ 4.46626e-08 ,19080 ],
[ -1.46261e-08 ,19090 ],
[ -3.8889e-08 ,19100 ],
[ 3.53536e-08 ,19110 ],
[ 1.12809e-08 ,19120 ],
[ 2.19349e-09 ,19130 ],
[ -9.43089e-09 ,19140 ],
[ 5.45452e-10 ,19150 ],
[ 6.66612e-09 ,19160 ],
[ 2.95118e-08 ,19170 ],
[ 2.10718e-08 ,19180 ],
[ -2.37479e-08 ,19190 ],
[ 2.77852e-08 ,19200 ],
[ 6.7886e-08 ,19210 ],
[ 3.98908e-08 ,19220 ],
[ 3.49482e-08 ,19230 ],
[ 7.69697e-08 ,19240 ],
[ 1.11744e-07 ,19250 ],
[ 4.0003e-08 ,19260 ],
[ 6.56639e-08 ,19270 ],
[ 9.35493e-08 ,19280 ],
[ 4.78477e-08 ,19290 ],
[ 6.88698e-09 ,19300 ],
[ 7.5734e-09 ,19310 ],
[ -9.25293e-09 ,19320 ],
[ 6.92615e-08 ,19330 ],
[ 2.04271e-08 ,19340 ],
[ 5.48971e-08 ,19350 ],
[ 7.90663e-09 ,19360 ],
[ 1.82801e-08 ,19370 ],
[ 2.10773e-08 ,19380 ],
[ 3.31644e-08 ,19390 ],
[ 3.0868e-08 ,19400 ],
[ -1.44212e-08 ,19410 ],
[ 2.04707e-08 ,19420 ],
[ 4.85975e-08 ,19430 ],
[ 1.18811e-08 ,19440 ],
[ 6.32809e-09 ,19450 ],
[ 1.87092e-08 ,19460 ],
[ 9.20798e-08 ,19470 ],
[ -4.21779e-10 ,19480 ],
[ -4.47471e-08 ,19490 ],
[ 1.57788e-09 ,19500 ],
[ -1.67097e-08 ,19510 ],
[ -3.38084e-08 ,19520 ],
[ -7.54273e-08 ,19530 ],
[ -4.37414e-08 ,19540 ],
[ -1.29051e-07 ,19550 ],
[ -2.63428e-08 ,19560 ],
[ 5.29171e-08 ,19570 ],
[ 2.33503e-08 ,19580 ],
[ 2.70005e-08 ,19590 ],
[ 9.95262e-09 ,19600 ],
[ 1.05792e-08 ,19610 ],
[ -1.07797e-08 ,19620 ],
[ -1.3532e-08 ,19630 ],
[ 9.56257e-09 ,19640 ],
[ -2.32525e-08 ,19650 ],
[ -4.93802e-08 ,19660 ],
[ -2.29752e-08 ,19670 ],
[ -1.29815e-08 ,19680 ],
[ -5.1933e-08 ,19690 ],
[ -1.98809e-08 ,19700 ],
[ -1.4146e-08 ,19710 ],
[ -3.12378e-09 ,19720 ],
[ -5.28383e-08 ,19730 ],
[ -6.18333e-08 ,19740 ],
[ -3.89422e-08 ,19750 ],
[ -3.96609e-08 ,19760 ],
[ -4.20637e-08 ,19770 ],
[ -2.22244e-08 ,19780 ],
[ -1.96625e-08 ,19790 ],
[ -2.27789e-08 ,19800 ],
[ -5.59697e-10 ,19810 ],
[ -6.87305e-08 ,19820 ],
[ -1.31095e-08 ,19830 ],
[ -5.45528e-08 ,19840 ],
[ -7.45897e-08 ,19850 ],
[ -6.29358e-08 ,19860 ],
[ -3.45989e-08 ,19870 ],
[ -9.86101e-09 ,19880 ],
[ -3.29701e-08 ,19890 ],
[ -2.01614e-08 ,19900 ],
[ -2.2071e-08 ,19910 ],
[ 3.9162e-08 ,19920 ],
[ 3.30424e-08 ,19930 ],
[ -1.44269e-08 ,19940 ],
[ 1.98099e-08 ,19950 ],
[ -1.87588e-08 ,19960 ],
[ 1.15072e-08 ,19970 ],
[ 5.37981e-09 ,19980 ],
[ -3.89672e-08 ,19990 ],
[ -6.15046e-08 ,20000 ],
[ -2.69734e-08 ,20010 ],
[ -1.6436e-08 ,20020 ],
[ -7.19736e-09 ,20030 ],
[ -9.25122e-09 ,20040 ],
[ 9.58407e-09 ,20050 ],
[ -9.04542e-09 ,20060 ],
[ 1.29065e-08 ,20070 ],
[ 5.55177e-08 ,20080 ],
[ 1.57819e-08 ,20090 ],
[ 1.65295e-08 ,20100 ],
[ 6.14387e-08 ,20110 ],
[ 3.74627e-08 ,20120 ],
[ 5.73522e-08 ,20130 ],
[ 9.73254e-08 ,20140 ],
[ 1.73117e-08 ,20150 ],
[ 6.03006e-09 ,20160 ],
[ 1.4431e-09 ,20170 ],
[ 1.51074e-08 ,20180 ],
[ 2.19588e-08 ,20190 ],
[ -8.20005e-09 ,20200 ],
[ -8.77029e-09 ,20210 ],
[ -1.28948e-08 ,20220 ],
[ -3.06466e-08 ,20230 ],
[ -2.06974e-08 ,20240 ],
[ 9.49967e-09 ,20250 ],
[ 1.17913e-08 ,20260 ],
[ 6.38733e-08 ,20270 ],
[ 4.42133e-08 ,20280 ],
[ 5.49697e-08 ,20290 ],
[ 5.90167e-08 ,20300 ],
[ 4.18528e-08 ,20310 ],
[ 2.03577e-08 ,20320 ],
[ 3.11108e-08 ,20330 ],
[ 9.75738e-08 ,20340 ],
[ 1.58917e-08 ,20350 ],
[ 4.15266e-08 ,20360 ],
[ 3.45964e-08 ,20370 ],
[ 6.61752e-08 ,20380 ],
[ 3.00335e-08 ,20390 ],
[ 5.07307e-08 ,20400 ],
[ 2.17261e-08 ,20410 ],
[ 5.2518e-08 ,20420 ],
[ 8.24052e-09 ,20430 ],
[ 4.19582e-09 ,20440 ],
[ -3.56668e-08 ,20450 ],
[ 5.6052e-08 ,20460 ],
[ -5.96317e-09 ,20470 ],
[ -1.07269e-08 ,20480 ],
[ -4.09737e-08 ,20490 ],
[ -5.36827e-08 ,20500 ],
[ -2.97544e-08 ,20510 ],
[ -4.24722e-08 ,20520 ],
[ -4.48712e-08 ,20530 ],
[ -2.84467e-08 ,20540 ],
[ -2.33747e-08 ,20550 ],
[ 1.14393e-08 ,20560 ],
[ 2.03523e-08 ,20570 ],
[ 1.96682e-08 ,20580 ],
[ -2.19022e-08 ,20590 ],
[ 7.0819e-09 ,20600 ],
[ -2.95398e-09 ,20610 ],
[ 2.15862e-09 ,20620 ],
[ -8.31576e-09 ,20630 ],
[ 8.97277e-09 ,20640 ],
[ 8.43993e-09 ,20650 ],
[ 4.3268e-08 ,20660 ],
[ 2.17036e-08 ,20670 ],
[ -2.48783e-08 ,20680 ],
[ -1.905e-08 ,20690 ],
[ -6.22912e-09 ,20700 ],
[ -3.65234e-09 ,20710 ],
[ 7.03977e-09 ,20720 ],
[ -6.26716e-08 ,20730 ],
[ -5.08281e-08 ,20740 ],
[ -5.42058e-08 ,20750 ],
[ -4.93997e-08 ,20760 ],
[ -3.94644e-08 ,20770 ],
[ -3.91573e-08 ,20780 ],
[ 1.40095e-08 ,20790 ],
[ -5.12281e-10 ,20800 ],
[ -1.65763e-08 ,20810 ],
[ -5.69835e-08 ,20820 ],
[ -3.43412e-08 ,20830 ],
[ 4.08567e-08 ,20840 ],
[ -3.02385e-09 ,20850 ],
[ -1.37055e-08 ,20860 ],
[ -2.54466e-08 ,20870 ],
[ 4.4116e-09 ,20880 ],
[ -1.42792e-08 ,20890 ],
[ -3.42764e-08 ,20900 ],
[ -4.81959e-08 ,20910 ],
[ 3.19255e-09 ,20920 ],
[ -1.14985e-08 ,20930 ],
[ 3.81621e-08 ,20940 ],
[ -2.20363e-08 ,20950 ],
[ -3.58547e-08 ,20960 ],
[ 6.89417e-09 ,20970 ],
[ -3.78398e-08 ,20980 ],
[ -6.11806e-08 ,20990 ],
[ -3.21702e-08 ,21000 ],
[ -6.4517e-08 ,21010 ],
[ -1.33008e-08 ,21020 ],
[ -1.0942e-09 ,21030 ],
[ 1.35631e-08 ,21040 ],
[ 6.03592e-09 ,21050 ],
[ -3.59221e-08 ,21060 ],
[ 4.70825e-09 ,21070 ],
[ 1.88432e-08 ,21080 ],
[ -7.22417e-10 ,21090 ],
[ 5.21219e-08 ,21100 ],
[ 3.4405e-08 ,21110 ],
[ -4.75149e-09 ,21120 ],
[ 2.27089e-08 ,21130 ],
[ 7.82286e-08 ,21140 ],
[ 4.69242e-08 ,21150 ],
[ 1.91741e-08 ,21160 ],
[ -3.72607e-08 ,21170 ],
[ 8.12715e-10 ,21180 ],
[ -8.70169e-09 ,21190 ],
[ 7.75014e-09 ,21200 ],
[ 1.68854e-08 ,21210 ],
[ 2.42933e-08 ,21220 ],
[ -1.79995e-08 ,21230 ],
[ -6.31311e-08 ,21240 ],
[ 2.02712e-08 ,21250 ],
[ 1.04036e-08 ,21260 ],
[ -3.73279e-08 ,21270 ],
[ -1.57078e-08 ,21280 ],
[ 4.00822e-08 ,21290 ],
[ -2.38382e-08 ,21300 ],
[ 4.10218e-08 ,21310 ],
[ 3.04078e-08 ,21320 ],
[ 2.52808e-08 ,21330 ],
[ 1.04057e-08 ,21340 ],
[ -9.96944e-09 ,21350 ],
[ -6.65974e-09 ,21360 ],
[ 4.21837e-09 ,21370 ],
[ -1.91348e-08 ,21380 ],
[ 2.54822e-08 ,21390 ],
[ 4.78321e-08 ,21400 ],
[ 4.65838e-08 ,21410 ],
[ 2.00295e-08 ,21420 ],
[ -8.16271e-13 ,21430 ],
[ 2.85061e-08 ,21440 ],
[ 2.06272e-08 ,21450 ],
[ 3.63405e-08 ,21460 ],
[ 2.10943e-08 ,21470 ],
[ 2.89308e-08 ,21480 ],
[ -2.06477e-08 ,21490 ],
[ 2.95341e-08 ,21500 ],
[ 1.55284e-08 ,21510 ],
[ -2.00366e-08 ,21520 ],
[ -1.79101e-08 ,21530 ],
[ -1.76336e-08 ,21540 ],
[ 5.70911e-08 ,21550 ],
[ -5.6982e-09 ,21560 ],
[ -1.36459e-09 ,21570 ],
[ 8.06949e-09 ,21580 ],
[ 1.95906e-08 ,21590 ],
[ 1.82033e-08 ,21600 ],
[ 1.93604e-08 ,21610 ],
[ 1.99589e-09 ,21620 ],
[ 3.31922e-08 ,21630 ],
[ -8.01203e-09 ,21640 ],
[ 2.36605e-08 ,21650 ],
[ -2.78069e-09 ,21660 ],
[ 1.63062e-08 ,21670 ],
[ -2.50539e-08 ,21680 ],
[ 3.54633e-09 ,21690 ],
[ 1.46332e-08 ,21700 ],
[ 2.02937e-08 ,21710 ],
[ 6.7703e-08 ,21720 ],
[ -2.83832e-08 ,21730 ],
[ 1.15545e-08 ,21740 ],
[ -1.1895e-08 ,21750 ],
[ 3.53764e-08 ,21760 ],
[ -1.11306e-08 ,21770 ],
[ 7.60634e-09 ,21780 ],
[ 5.68486e-09 ,21790 ],
[ -5.20091e-08 ,21800 ],
[ -1.28958e-08 ,21810 ],
[ 5.7306e-09 ,21820 ],
[ -1.65536e-08 ,21830 ],
[ -1.40781e-08 ,21840 ],
[ -4.84266e-09 ,21850 ],
[ -6.7703e-08 ,21860 ],
[ -2.29621e-08 ,21870 ],
[ -3.48348e-08 ,21880 ],
[ -2.07467e-08 ,21890 ],
[ 5.54257e-09 ,21900 ],
[ -7.4889e-08 ,21910 ],
[ -2.98269e-08 ,21920 ],
[ -7.05172e-08 ,21930 ],
[ 5.05346e-08 ,21940 ],
[ -5.14633e-08 ,21950 ],
[ -5.75224e-08 ,21960 ],
[ -1.61167e-08 ,21970 ],
[ -3.51894e-08 ,21980 ],
[ -7.76444e-09 ,21990 ],
[ 5.78635e-08 ,22000 ],
[ -5.66649e-09 ,22010 ],
[ -1.07076e-08 ,22020 ],
[ -3.71273e-08 ,22030 ],
[ -5.22068e-08 ,22040 ],
[ -3.00167e-08 ,22050 ],
[ -1.77919e-08 ,22060 ],
[ 1.10746e-08 ,22070 ],
[ -3.2283e-08 ,22080 ],
[ -8.6661e-09 ,22090 ],
[ -5.81317e-08 ,22100 ],
[ -6.92055e-09 ,22110 ],
[ -1.44304e-08 ,22120 ],
[ 4.23533e-08 ,22130 ],
[ 2.69979e-08 ,22140 ],
[ 1.29995e-08 ,22150 ],
[ 5.00294e-09 ,22160 ],
[ 1.72628e-08 ,22170 ],
[ 1.89907e-08 ,22180 ],
[ -8.53578e-08 ,22190 ],
[ -2.07081e-08 ,22200 ],
[ -8.49735e-09 ,22210 ],
[ 2.69382e-08 ,22220 ],
[ 1.86439e-08 ,22230 ],
[ -4.3037e-09 ,22240 ],
[ 2.96023e-08 ,22250 ],
[ -3.17327e-08 ,22260 ],
[ -8.47502e-09 ,22270 ],
[ -2.81564e-09 ,22280 ],
[ -2.88093e-09 ,22290 ],
[ -2.67118e-08 ,22300 ],
[ -1.3308e-08 ,22310 ],
[ 5.01766e-08 ,22320 ],
[ -8.36022e-09 ,22330 ],
[ 2.34904e-08 ,22340 ],
[ -4.85428e-09 ,22350 ],
[ 2.0503e-08 ,22360 ],
[ 3.18923e-09 ,22370 ],
[ -2.42732e-08 ,22380 ],
[ -2.71075e-08 ,22390 ],
[ 2.37252e-08 ,22400 ],
[ 8.17588e-08 ,22410 ],
[ -2.53461e-08 ,22420 ],
[ 8.53941e-09 ,22430 ],
[ 1.69616e-08 ,22440 ],
[ 7.10983e-08 ,22450 ],
[ 1.67896e-08 ,22460 ],
[ 4.04151e-08 ,22470 ],
[ -4.92129e-09 ,22480 ],
[ 3.9465e-08 ,22490 ],
[ 3.54143e-08 ,22500 ],
[ -1.08323e-08 ,22510 ],
[ 3.42658e-08 ,22520 ],
[ 5.67315e-10 ,22530 ],
[ 6.19639e-08 ,22540 ],
[ 4.16143e-08 ,22550 ],
[ 5.40003e-08 ,22560 ],
[ 5.98021e-08 ,22570 ],
[ 1.62999e-08 ,22580 ],
[ 4.79651e-08 ,22590 ],
[ 1.04352e-08 ,22600 ],
[ 5.60791e-08 ,22610 ],
[ 3.24964e-08 ,22620 ],
[ 7.06718e-08 ,22630 ],
[ 3.08363e-08 ,22640 ],
[ 1.31242e-08 ,22650 ],
[ 1.24337e-08 ,22660 ],
[ -2.48728e-08 ,22670 ],
[ 1.16225e-09 ,22680 ],
[ -4.16698e-08 ,22690 ],
[ -3.4177e-08 ,22700 ],
[ -5.67883e-09 ,22710 ],
[ 1.17102e-08 ,22720 ],
[ 1.00211e-08 ,22730 ],
[ 2.13172e-08 ,22740 ],
[ -2.73314e-09 ,22750 ],
[ -4.40267e-08 ,22760 ],
[ -3.62468e-08 ,22770 ],
[ 1.86579e-08 ,22780 ],
[ -7.81927e-09 ,22790 ],
[ 8.30756e-09 ,22800 ],
[ -4.43908e-08 ,22810 ],
[ 1.10925e-08 ,22820 ],
[ 1.87295e-08 ,22830 ],
[ 2.54042e-08 ,22840 ],
[ -1.16026e-09 ,22850 ],
[ -5.71341e-08 ,22860 ],
[ 2.39835e-08 ,22870 ],
[ 6.13874e-09 ,22880 ],
[ -6.0006e-08 ,22890 ],
[ 3.53815e-09 ,22900 ],
[ -6.27026e-08 ,22910 ],
[ -4.27841e-08 ,22920 ],
[ -3.15935e-08 ,22930 ],
[ -2.60411e-09 ,22940 ],
[ 1.02315e-08 ,22950 ],
[ -2.65866e-08 ,22960 ],
[ -6.27148e-08 ,22970 ],
[ -2.69705e-08 ,22980 ],
[ -1.98541e-08 ,22990 ],
[ -3.02826e-09 ,23000 ],
[ -6.1525e-08 ,23010 ],
[ -4.29369e-08 ,23020 ],
[ -3.48272e-08 ,23030 ],
[ -7.82004e-09 ,23040 ],
[ -3.78911e-09 ,23050 ],
[ 1.75967e-09 ,23060 ],
[ -1.74783e-08 ,23070 ],
[ -3.79217e-08 ,23080 ],
[ -1.7378e-08 ,23090 ],
[ -9.37343e-09 ,23100 ],
[ -9.01664e-09 ,23110 ],
[ -3.5774e-08 ,23120 ],
[ -1.10388e-08 ,23130 ],
[ -3.40866e-08 ,23140 ],
[ -2.57819e-08 ,23150 ],
[ -1.99419e-09 ,23160 ],
[ -6.20129e-09 ,23170 ],
[ -1.79611e-08 ,23180 ],
[ -4.57091e-10 ,23190 ],
[ 1.35801e-08 ,23200 ],
[ 3.2989e-08 ,23210 ],
[ -3.6618e-09 ,23220 ],
[ 3.27932e-08 ,23230 ],
[ -1.1166e-08 ,23240 ],
[ -1.27128e-09 ,23250 ],
[ -1.29761e-08 ,23260 ],
[ -1.09199e-08 ,23270 ],
[ 1.00925e-08 ,23280 ],
[ 6.31638e-09 ,23290 ],
[ 3.63025e-09 ,23300 ],
[ -8.27627e-09 ,23310 ],
[ 3.70523e-08 ,23320 ],
[ 1.25082e-08 ,23330 ],
[ -3.76401e-08 ,23340 ],
[ 2.91282e-08 ,23350 ],
[ 1.92071e-08 ,23360 ],
[ 2.33872e-08 ,23370 ],
[ 6.66386e-08 ,23380 ],
[ 1.06361e-08 ,23390 ],
[ 1.20349e-08 ,23400 ],
[ -3.97755e-08 ,23410 ],
[ 1.7131e-08 ,23420 ],
[ -2.29751e-08 ,23430 ],
[ 1.03248e-08 ,23440 ],
[ 6.33921e-08 ,23450 ],
[ 3.40842e-08 ,23460 ],
[ 5.88474e-08 ,23470 ],
[ 1.88362e-08 ,23480 ],
[ -1.04007e-08 ,23490 ],
[ 1.234e-08 ,23500 ],
[ -6.25423e-08 ,23510 ],
[ 1.70815e-08 ,23520 ],
[ -1.15605e-08 ,23530 ],
[ 3.46933e-09 ,23540 ],
[ -4.38757e-09 ,23550 ],
[ -1.04331e-09 ,23560 ],
[ 3.37394e-08 ,23570 ],
[ 6.29219e-08 ,23580 ],
[ 2.26922e-08 ,23590 ],
[ 3.51368e-08 ,23600 ],
[ -3.58918e-09 ,23610 ],
[ 5.2814e-08 ,23620 ],
[ 2.86001e-08 ,23630 ],
[ -3.49657e-08 ,23640 ],
[ 9.06343e-09 ,23650 ],
[ 4.1465e-08 ,23660 ],
[ -4.73485e-09 ,23670 ],
[ 7.05475e-09 ,23680 ],
[ 1.16629e-08 ,23690 ],
[ 3.60905e-08 ,23700 ],
[ -8.9052e-09 ,23710 ],
[ -8.28091e-09 ,23720 ],
[ 2.46382e-08 ,23730 ],
[ 2.50143e-08 ,23740 ],
[ -3.18088e-08 ,23750 ],
[ -6.38572e-08 ,23760 ],
[ 1.27003e-08 ,23770 ],
[ 5.53578e-08 ,23780 ],
[ 4.83532e-09 ,23790 ],
[ 2.28743e-08 ,23800 ],
[ 1.23343e-08 ,23810 ],
[ -1.07735e-08 ,23820 ],
[ -2.95914e-08 ,23830 ],
[ 1.99745e-08 ,23840 ],
[ 1.84411e-08 ,23850 ],
[ -2.37454e-08 ,23860 ],
[ -5.60371e-08 ,23870 ],
[ -1.57067e-08 ,23880 ],
[ -3.56492e-08 ,23890 ],
[ -3.10746e-08 ,23900 ],
[ -1.37103e-09 ,23910 ],
[ -3.32794e-08 ,23920 ],
[ -8.97579e-09 ,23930 ],
[ -2.05214e-10 ,23940 ],
[ -4.05239e-08 ,23950 ],
[ 1.00808e-08 ,23960 ],
[ 4.87031e-09 ,23970 ],
[ -7.56486e-09 ,23980 ],
[ -5.31947e-09 ,23990 ],
[ -7.24825e-08 ,24000 ],
[ 1.76731e-08 ,24010 ],
[ 3.5547e-08 ,24020 ],
[ -4.28402e-08 ,24030 ],
[ -1.15354e-08 ,24040 ],
[ 1.37482e-08 ,24050 ],
[ 2.94886e-08 ,24060 ],
[ 7.53862e-09 ,24070 ],
[ -3.75934e-08 ,24080 ],
[ -1.16378e-09 ,24090 ],
[ -1.11851e-08 ,24100 ],
[ -2.62647e-08 ,24110 ],
[ 2.37569e-08 ,24120 ],
[ -5.69124e-08 ,24130 ],
[ -2.03749e-08 ,24140 ],
[ -2.10671e-08 ,24150 ],
[ -1.21159e-08 ,24160 ],
[ -5.29359e-08 ,24170 ],
[ 5.36473e-08 ,24180 ],
[ -1.77915e-08 ,24190 ],
[ -8.51906e-10 ,24200 ],
[ -2.28752e-08 ,24210 ],
[ 2.63244e-08 ,24220 ],
[ 1.68105e-08 ,24230 ],
[ -1.42755e-09 ,24240 ],
[ 2.25002e-08 ,24250 ],
[ 7.09237e-09 ,24260 ],
[ -5.00639e-08 ,24270 ],
[ 1.45987e-08 ,24280 ],
[ 1.88785e-09 ,24290 ],
[ -7.84134e-09 ,24300 ],
[ -4.41424e-08 ,24310 ],
[ -2.5394e-08 ,24320 ],
[ -1.85529e-08 ,24330 ],
[ -1.10697e-08 ,24340 ],
[ 1.03632e-08 ,24350 ],
[ -3.35114e-08 ,24360 ],
[ 4.51973e-09 ,24370 ],
[ 5.38533e-09 ,24380 ],
[ -5.52522e-09 ,24390 ],
[ 3.26295e-08 ,24400 ],
[ -1.9354e-08 ,24410 ],
[ -5.50184e-09 ,24420 ],
[ -5.95405e-09 ,24430 ],
[ 1.97338e-08 ,24440 ],
[ -4.37813e-08 ,24450 ],
[ 3.60949e-08 ,24460 ],
[ 3.08996e-09 ,24470 ],
[ -2.66468e-08 ,24480 ],
[ 1.18829e-08 ,24490 ],
[ 3.49082e-08 ,24500 ],
[ 1.8674e-08 ,24510 ],
[ -1.56097e-08 ,24520 ],
[ 2.10359e-08 ,24530 ],
[ 2.04361e-08 ,24540 ],
[ 4.33753e-09 ,24550 ],
[ 5.28709e-08 ,24560 ],
[ 5.56303e-09 ,24570 ],
[ -2.82046e-08 ,24580 ],
[ 3.42055e-08 ,24590 ],
[ 4.01646e-08 ,24600 ],
[ 2.63565e-08 ,24610 ],
[ -4.24828e-08 ,24620 ],
[ 1.7655e-08 ,24630 ],
[ -1.79979e-08 ,24640 ],
[ -4.8869e-09 ,24650 ],
[ 3.43227e-08 ,24660 ],
[ 3.65551e-08 ,24670 ],
[ 4.32465e-08 ,24680 ],
[ 2.696e-08 ,24690 ],
[ 5.53442e-09 ,24700 ],
[ 6.86374e-08 ,24710 ],
[ -1.28322e-08 ,24720 ],
[ 1.56537e-09 ,24730 ],
[ 7.00733e-09 ,24740 ],
[ 2.19007e-08 ,24750 ],
[ 3.68925e-08 ,24760 ],
[ 3.65194e-08 ,24770 ],
[ -1.22695e-08 ,24780 ],
[ 1.48415e-08 ,24790 ],
[ 4.2477e-09 ,24800 ],
[ -9.02814e-09 ,24810 ],
[ -2.74579e-09 ,24820 ],
[ -4.66897e-08 ,24830 ],
[ -1.46047e-08 ,24840 ],
[ 4.53987e-08 ,24850 ],
[ 2.41429e-08 ,24860 ],
[ 1.59143e-08 ,24870 ],
[ 3.9003e-09 ,24880 ],
[ 2.02632e-08 ,24890 ],
[ 3.89778e-08 ,24900 ],
[ 4.08232e-09 ,24910 ],
[ -1.76848e-08 ,24920 ],
[ -2.09692e-08 ,24930 ],
[ -2.53333e-08 ,24940 ],
[ 1.95877e-08 ,24950 ],
[ -1.76243e-08 ,24960 ],
[ -1.55594e-08 ,24970 ],
[ -1.99155e-08 ,24980 ],
[ 2.66349e-08 ,24990 ],
[ -3.56283e-08 ,25000 ],
[ 1.74575e-08 ,25010 ],
[ 1.59528e-08 ,25020 ],
[ -1.78086e-09 ,25030 ],
[ 2.48274e-08 ,25040 ],
[ -3.70353e-08 ,25050 ],
[ -2.00275e-08 ,25060 ],
[ -2.29382e-08 ,25070 ],
[ -5.13913e-09 ,25080 ],
[ -1.26918e-08 ,25090 ],
[ -2.72956e-08 ,25100 ],
[ -2.20585e-08 ,25110 ],
[ 5.7212e-09 ,25120 ],
[ -3.22401e-08 ,25130 ],
[ -2.69308e-08 ,25140 ],
[ -9.26366e-09 ,25150 ],
[ -1.36563e-08 ,25160 ],
[ -3.38261e-08 ,25170 ],
[ -3.23168e-08 ,25180 ],
[ -3.75366e-10 ,25190 ],
[ 1.14795e-08 ,25200 ],
[ -4.10982e-08 ,25210 ],
[ -1.36163e-09 ,25220 ],
[ -3.98609e-08 ,25230 ],
[ -2.44289e-08 ,25240 ],
[ -4.90479e-08 ,25250 ],
[ 9.19969e-09 ,25260 ],
[ -2.47374e-08 ,25270 ],
[ -2.21671e-09 ,25280 ],
[ -3.78268e-08 ,25290 ],
[ -1.38755e-08 ,25300 ],
[ 2.98878e-09 ,25310 ],
[ -2.6034e-08 ,25320 ],
[ -4.91179e-08 ,25330 ],
[ -4.2619e-08 ,25340 ],
[ -1.73487e-08 ,25350 ],
[ -2.57505e-08 ,25360 ],
[ 1.75821e-08 ,25370 ],
[ 2.91639e-08 ,25380 ],
[ -1.79025e-09 ,25390 ],
[ 2.78378e-08 ,25400 ],
[ -1.23963e-08 ,25410 ],
[ -2.27305e-08 ,25420 ],
[ -3.49172e-08 ,25430 ],
[ 8.31889e-10 ,25440 ],
[ 2.77879e-08 ,25450 ],
[ 1.3314e-08 ,25460 ],
[ -6.68522e-09 ,25470 ],
[ -8.29444e-09 ,25480 ],
[ 3.64689e-08 ,25490 ],
[ 7.10084e-09 ,25500 ],
[ 6.24426e-08 ,25510 ],
[ 6.31696e-09 ,25520 ],
[ 4.59743e-09 ,25530 ],
[ 3.45002e-08 ,25540 ],
[ 1.22172e-08 ,25550 ],
[ -1.19462e-08 ,25560 ],
[ 4.36587e-08 ,25570 ],
[ -1.75958e-08 ,25580 ],
[ -7.35911e-09 ,25590 ],
[ 3.65376e-08 ,25600 ],
[ 1.82201e-08 ,25610 ],
[ 5.87592e-08 ,25620 ],
[ 1.53743e-08 ,25630 ],
[ 4.55836e-08 ,25640 ],
[ 2.40909e-08 ,25650 ],
[ 5.79465e-09 ,25660 ],
[ -6.82569e-09 ,25670 ],
[ 3.45232e-08 ,25680 ],
[ 2.88264e-08 ,25690 ],
[ -1.50242e-08 ,25700 ],
[ 6.47744e-09 ,25710 ],
[ 1.85574e-08 ,25720 ],
[ 1.9572e-08 ,25730 ],
[ -5.40938e-09 ,25740 ],
[ 2.13809e-09 ,25750 ],
[ 3.02141e-08 ,25760 ],
[ -3.11457e-08 ,25770 ],
[ 2.81919e-08 ,25780 ],
[ 5.36463e-08 ,25790 ],
[ -1.25814e-08 ,25800 ],
[ 3.52495e-08 ,25810 ],
[ 8.7488e-09 ,25820 ],
[ -5.53056e-09 ,25830 ],
[ 2.38328e-08 ,25840 ],
[ 2.43123e-09 ,25850 ],
[ -4.04452e-08 ,25860 ],
[ 3.73824e-08 ,25870 ],
[ -5.4593e-08 ,25880 ],
[ -3.77497e-08 ,25890 ],
[ -8.31499e-10 ,25900 ],
[ 5.85846e-08 ,25910 ],
[ 2.87532e-09 ,25920 ],
[ -1.40475e-09 ,25930 ],
[ 8.29156e-08 ,25940 ],
[ 1.89324e-08 ,25950 ],
[ -1.49334e-08 ,25960 ],
[ 5.34913e-08 ,25970 ],
[ 1.96074e-08 ,25980 ],
[ -3.33581e-08 ,25990 ],
[ 1.39999e-08 ,26000 ],
[ -1.21369e-08 ,26010 ],
[ 1.6618e-08 ,26020 ],
[ -1.58523e-08 ,26030 ],
[ -2.897e-08 ,26040 ],
[ -1.88265e-08 ,26050 ],
[ -1.35655e-08 ,26060 ],
[ -3.56069e-08 ,26070 ],
[ -1.50264e-08 ,26080 ],
[ 1.45266e-08 ,26090 ],
[ -2.02576e-08 ,26100 ],
[ -3.22382e-08 ,26110 ],
[ -2.86043e-08 ,26120 ],
[ 4.32515e-09 ,26130 ],
[ -9.09438e-10 ,26140 ],
[ 9.99724e-09 ,26150 ],
[ -2.60597e-08 ,26160 ],
[ -3.56138e-08 ,26170 ],
[ 1.92851e-09 ,26180 ],
[ -2.83096e-08 ,26190 ],
[ -1.47435e-08 ,26200 ],
[ 9.01872e-09 ,26210 ],
[ -2.53051e-08 ,26220 ],
[ -3.29557e-08 ,26230 ],
[ -5.51355e-09 ,26240 ],
[ 1.92173e-09 ,26250 ],
[ -1.6149e-08 ,26260 ],
[ -6.96344e-08 ,26270 ],
[ -2.78337e-08 ,26280 ],
[ 1.04938e-08 ,26290 ],
[ -3.11678e-08 ,26300 ],
[ 6.84466e-09 ,26310 ],
[ -7.26588e-09 ,26320 ],
[ -1.43964e-08 ,26330 ],
[ 2.78667e-08 ,26340 ],
[ -2.68628e-08 ,26350 ],
[ 1.48517e-08 ,26360 ],
[ -1.1978e-08 ,26370 ],
[ 2.97575e-08 ,26380 ],
[ -1.62827e-08 ,26390 ],
[ -2.69983e-08 ,26400 ],
[ -3.84955e-08 ,26410 ],
[ 3.22024e-08 ,26420 ],
[ -7.44398e-09 ,26430 ],
[ 6.42996e-09 ,26440 ],
[ -3.2141e-09 ,26450 ],
[ 2.07667e-08 ,26460 ],
[ 4.50472e-09 ,26470 ],
[ -4.86434e-08 ,26480 ],
[ -5.29341e-09 ,26490 ],
[ -3.78783e-08 ,26500 ],
[ 2.49112e-08 ,26510 ],
[ 1.01803e-08 ,26520 ],
[ 2.54677e-08 ,26530 ],
[ 1.16315e-08 ,26540 ],
[ -3.6182e-09 ,26550 ],
[ 1.6355e-08 ,26560 ],
[ 9.25028e-09 ,26570 ],
[ -5.162e-09 ,26580 ],
[ -3.40822e-08 ,26590 ],
[ -1.01739e-08 ,26600 ],
[ -2.27282e-09 ,26610 ],
[ 2.1139e-09 ,26620 ],
[ 1.68529e-08 ,26630 ],
[ 9.40559e-09 ,26640 ],
[ -2.12584e-08 ,26650 ],
[ 6.8438e-09 ,26660 ],
[ 1.4559e-08 ,26670 ],
[ -4.68681e-09 ,26680 ],
[ -2.16575e-08 ,26690 ],
[ -3.9282e-09 ,26700 ],
[ 7.52902e-09 ,26710 ],
[ 5.95536e-08 ,26720 ],
[ -1.12405e-08 ,26730 ],
[ 7.09078e-08 ,26740 ],
[ 2.61723e-10 ,26750 ],
[ 3.17494e-08 ,26760 ],
[ 3.89379e-08 ,26770 ],
[ 1.47444e-08 ,26780 ],
[ 4.73409e-08 ,26790 ],
[ 1.78854e-09 ,26800 ],
[ 4.92355e-08 ,26810 ],
[ 2.97825e-08 ,26820 ],
[ -3.5552e-09 ,26830 ],
[ -1.55007e-09 ,26840 ],
[ -2.29333e-08 ,26850 ],
[ -3.19955e-08 ,26860 ],
[ -1.12794e-08 ,26870 ],
[ 1.31596e-08 ,26880 ],
[ 1.47937e-08 ,26890 ],
[ -1.48757e-08 ,26900 ],
[ 1.07748e-08 ,26910 ],
[ 2.88548e-08 ,26920 ],
[ 1.06349e-08 ,26930 ],
[ -1.43324e-08 ,26940 ],
[ 1.67589e-08 ,26950 ],
[ 8.28903e-09 ,26960 ],
[ -1.48494e-08 ,26970 ],
[ 2.9089e-08 ,26980 ],
[ 3.34178e-08 ,26990 ],
[ -5.02389e-09 ,27000 ],
[ 1.97971e-08 ,27010 ],
[ -2.59928e-09 ,27020 ],
[ 1.92833e-08 ,27030 ],
[ 2.27993e-08 ,27040 ],
[ -3.11063e-08 ,27050 ],
[ 1.71098e-08 ,27060 ],
[ 1.05915e-08 ,27070 ],
[ 2.15258e-08 ,27080 ],
[ -1.42844e-08 ,27090 ],
[ 1.21305e-08 ,27100 ],
[ -4.2108e-08 ,27110 ],
[ -1.18195e-08 ,27120 ],
[ -3.27701e-08 ,27130 ],
[ 1.60097e-08 ,27140 ],
[ -3.52755e-08 ,27150 ],
[ -1.86932e-08 ,27160 ],
[ 1.64053e-08 ,27170 ],
[ 1.87622e-08 ,27180 ],
[ 3.90849e-08 ,27190 ],
[ -3.29834e-08 ,27200 ],
[ -1.74887e-09 ,27210 ],
[ -1.13181e-08 ,27220 ],
[ -1.44298e-08 ,27230 ],
[ 3.29869e-08 ,27240 ],
[ 2.23015e-08 ,27250 ],
[ -6.25609e-09 ,27260 ],
[ -7.14758e-09 ,27270 ],
[ 2.98723e-09 ,27280 ],
[ -2.49568e-08 ,27290 ],
[ -1.09558e-08 ,27300 ],
[ -3.79173e-08 ,27310 ],
[ 1.13236e-09 ,27320 ],
[ -9.24156e-09 ,27330 ],
[ 5.5703e-09 ,27340 ],
[ 4.62808e-08 ,27350 ],
[ -2.70517e-08 ,27360 ],
[ -4.18407e-08 ,27370 ],
[ -4.74842e-08 ,27380 ],
[ -3.78681e-08 ,27390 ],
[ -9.19726e-09 ,27400 ],
[ -4.04731e-08 ,27410 ],
[ -2.02651e-08 ,27420 ],
[ -1.4972e-08 ,27430 ],
[ -4.8345e-08 ,27440 ],
[ 6.07906e-09 ,27450 ],
[ -1.78081e-08 ,27460 ],
[ -1.29162e-08 ,27470 ],
[ -1.68711e-08 ,27480 ],
[ 8.79311e-09 ,27490 ],
[ -7.10092e-09 ,27500 ],
[ -8.96305e-09 ,27510 ],
[ -2.11512e-08 ,27520 ],
[ -1.21207e-08 ,27530 ],
[ 7.24419e-10 ,27540 ],
[ -3.34283e-08 ,27550 ],
[ -3.64842e-08 ,27560 ],
[ -2.58101e-09 ,27570 ],
[ 1.00202e-08 ,27580 ],
[ -2.27954e-08 ,27590 ],
[ -8.38836e-09 ,27600 ],
[ 2.1831e-08 ,27610 ],
[ -3.22247e-08 ,27620 ],
[ -4.79472e-08 ,27630 ],
[ 1.68875e-08 ,27640 ],
[ -1.95656e-08 ,27650 ],
[ -2.35243e-08 ,27660 ],
[ 8.37997e-09 ,27670 ],
[ 2.15253e-08 ,27680 ],
[ 2.80193e-08 ,27690 ],
[ 7.0521e-09 ,27700 ],
[ 1.94862e-08 ,27710 ],
[ 2.31823e-08 ,27720 ],
[ 1.15165e-08 ,27730 ],
[ -6.93507e-10 ,27740 ],
[ 4.28861e-08 ,27750 ],
[ 2.50456e-08 ,27760 ],
[ -1.22265e-08 ,27770 ],
[ 1.89264e-08 ,27780 ],
[ 1.92028e-08 ,27790 ],
[ 1.85099e-08 ,27800 ],
[ 3.37851e-08 ,27810 ],
[ 3.23345e-08 ,27820 ],
[ 1.4724e-08 ,27830 ],
[ 8.19759e-08 ,27840 ],
[ 1.22255e-08 ,27850 ],
[ 6.80746e-09 ,27860 ],
[ 9.05405e-09 ,27870 ],
[ 1.68542e-08 ,27880 ],
[ 6.49699e-09 ,27890 ],
[ 2.42246e-08 ,27900 ],
[ 6.15353e-08 ,27910 ],
[ -3.96191e-08 ,27920 ],
[ 2.1957e-08 ,27930 ],
[ 1.26907e-08 ,27940 ],
[ -1.42357e-08 ,27950 ],
[ -3.31315e-08 ,27960 ],
[ 1.02336e-08 ,27970 ],
[ 5.26621e-08 ,27980 ],
[ 8.96099e-09 ,27990 ],
[ -5.93216e-09 ,28000 ],
[ -1.3504e-08 ,28010 ],
[ 1.20938e-08 ,28020 ],
[ -1.08571e-09 ,28030 ],
[ 9.51094e-09 ,28040 ],
[ 6.70143e-08 ,28050 ],
[ 4.42251e-08 ,28060 ],
[ 3.99326e-08 ,28070 ],
[ 2.92368e-09 ,28080 ],
[ 1.50153e-08 ,28090 ],
[ 2.54069e-08 ,28100 ],
[ 1.58818e-08 ,28110 ],
[ 3.0743e-09 ,28120 ],
[ 4.40659e-09 ,28130 ],
[ -6.07524e-08 ,28140 ],
[ -3.02869e-08 ,28150 ],
[ 4.94488e-08 ,28160 ],
[ 1.19559e-08 ,28170 ],
[ -7.05686e-08 ,28180 ],
[ 2.51781e-08 ,28190 ],
[ 9.21938e-09 ,28200 ],
[ -2.64718e-08 ,28210 ],
[ -2.69498e-08 ,28220 ],
[ -1.45799e-08 ,28230 ],
[ 8.87816e-09 ,28240 ],
[ -3.34977e-08 ,28250 ],
[ 7.36643e-09 ,28260 ],
[ -1.38473e-08 ,28270 ],
[ -1.63054e-08 ,28280 ],
[ 4.21081e-09 ,28290 ],
[ -1.34524e-08 ,28300 ],
[ -2.74709e-08 ,28310 ],
[ -6.68031e-08 ,28320 ],
[ -4.79294e-09 ,28330 ],
[ 1.32842e-09 ,28340 ],
[ -2.19228e-08 ,28350 ],
[ -2.27874e-08 ,28360 ],
[ -1.85994e-08 ,28370 ],
[ -2.19985e-09 ,28380 ],
[ -3.4096e-09 ,28390 ],
[ -1.42847e-08 ,28400 ],
[ -7.95366e-09 ,28410 ],
[ -1.13998e-08 ,28420 ],
[ -9.94821e-09 ,28430 ],
[ -1.27221e-08 ,28440 ],
[ -1.86944e-08 ,28450 ],
[ -9.12507e-08 ,28460 ],
[ 1.39858e-08 ,28470 ],
[ -4.99854e-08 ,28480 ],
[ -3.17543e-09 ,28490 ],
[ -3.84252e-08 ,28500 ],
[ -5.44187e-09 ,28510 ],
[ 1.31137e-08 ,28520 ],
[ -2.58538e-09 ,28530 ],
[ 1.90956e-08 ,28540 ],
[ 1.1773e-08 ,28550 ],
[ -1.47503e-09 ,28560 ],
[ -2.50924e-08 ,28570 ],
[ -6.77554e-08 ,28580 ],
[ 2.23547e-08 ,28590 ],
[ -1.4667e-08 ,28600 ],
[ 4.28511e-08 ,28610 ],
[ -6.93225e-09 ,28620 ],
[ -1.14385e-09 ,28630 ],
[ -8.1697e-09 ,28640 ],
[ -4.30045e-09 ,28650 ],
[ -9.67907e-09 ,28660 ],
[ -4.84103e-08 ,28670 ],
[ 1.10835e-08 ,28680 ],
[ 2.64201e-09 ,28690 ],
[ -4.2483e-09 ,28700 ],
[ 3.79941e-10 ,28710 ],
[ 6.54665e-08 ,28720 ],
[ 2.54417e-08 ,28730 ],
[ 7.25817e-08 ,28740 ],
[ 5.00747e-08 ,28750 ],
[ -2.05379e-09 ,28760 ],
[ -8.09622e-09 ,28770 ],
[ 1.25992e-09 ,28780 ],
[ 2.13317e-08 ,28790 ],
[ -1.0186e-08 ,28800 ],
[ 3.20753e-08 ,28810 ],
[ 1.1093e-08 ,28820 ],
[ 4.50147e-08 ,28830 ],
[ -1.82434e-09 ,28840 ],
[ 4.08891e-08 ,28850 ],
[ -1.04789e-09 ,28860 ],
[ 2.49372e-08 ,28870 ],
[ 3.21159e-09 ,28880 ],
[ 7.73574e-09 ,28890 ],
[ -9.8476e-09 ,28900 ],
[ 3.84523e-08 ,28910 ],
[ -5.86742e-10 ,28920 ],
[ -3.23832e-08 ,28930 ],
[ -1.39786e-09 ,28940 ],
[ 1.10382e-08 ,28950 ],
[ -1.82709e-08 ,28960 ],
[ 5.02284e-09 ,28970 ],
[ -4.2422e-09 ,28980 ],
[ 1.79646e-08 ,28990 ],
[ 2.70215e-09 ,29000 ],
[ -2.41262e-08 ,29010 ],
[ 1.10607e-08 ,29020 ],
[ -1.59474e-08 ,29030 ],
[ 1.9806e-08 ,29040 ],
[ 2.69136e-08 ,29050 ],
[ 2.7317e-08 ,29060 ],
[ 5.44162e-08 ,29070 ],
[ 2.24249e-08 ,29080 ],
[ 3.01255e-08 ,29090 ],
[ -1.89561e-08 ,29100 ],
[ 9.96601e-09 ,29110 ],
[ 1.97257e-08 ,29120 ],
[ 1.26062e-08 ,29130 ],
[ 2.67466e-09 ,29140 ],
[ 2.48983e-08 ,29150 ],
[ 2.39663e-08 ,29160 ],
[ 2.51044e-08 ,29170 ],
[ -5.64712e-09 ,29180 ],
[ -1.24241e-08 ,29190 ],
[ 2.37507e-08 ,29200 ],
[ -3.0927e-08 ,29210 ],
[ -1.8985e-08 ,29220 ],
[ -7.25335e-09 ,29230 ],
[ 2.87584e-08 ,29240 ],
[ -4.22348e-08 ,29250 ],
[ -1.64077e-08 ,29260 ],
[ 8.90677e-09 ,29270 ],
[ -2.14651e-08 ,29280 ],
[ 2.89177e-08 ,29290 ],
[ -1.04831e-08 ,29300 ],
[ -3.80627e-09 ,29310 ],
[ -1.90078e-08 ,29320 ],
[ -2.42422e-08 ,29330 ],
[ 2.63314e-08 ,29340 ],
[ -4.19886e-08 ,29350 ],
[ -2.29085e-08 ,29360 ],
[ -2.28965e-10 ,29370 ],
[ -5.8077e-09 ,29380 ],
[ -1.6355e-08 ,29390 ],
[ 3.35003e-09 ,29400 ],
[ 1.06509e-08 ,29410 ],
[ -3.50896e-08 ,29420 ],
[ 1.97743e-09 ,29430 ],
[ -3.01559e-08 ,29440 ],
[ -1.9832e-08 ,29450 ],
[ 1.16923e-08 ,29460 ],
[ -1.9009e-08 ,29470 ],
[ -1.22361e-08 ,29480 ],
[ -3.04685e-08 ,29490 ],
[ -2.02586e-08 ,29500 ],
[ -1.641e-08 ,29510 ],
[ 1.41668e-09 ,29520 ],
[ -2.80372e-08 ,29530 ],
[ 1.85964e-09 ,29540 ],
[ -3.21258e-08 ,29550 ],
[ -4.52846e-09 ,29560 ],
[ -3.50002e-08 ,29570 ],
[ 6.65821e-08 ,29580 ],
[ 2.53302e-08 ,29590 ],
[ 1.62492e-08 ,29600 ],
[ -3.60222e-09 ,29610 ],
[ -3.76855e-09 ,29620 ],
[ 6.10545e-09 ,29630 ],
[ -5.8481e-08 ,29640 ],
[ -7.5645e-09 ,29650 ],
[ -3.3644e-08 ,29660 ],
[ -3.78347e-09 ,29670 ],
[ 3.21342e-08 ,29680 ],
[ 1.56252e-09 ,29690 ],
[ -1.81216e-08 ,29700 ],
[ -1.22158e-09 ,29710 ],
[ -1.60344e-08 ,29720 ],
[ -7.08157e-09 ,29730 ],
[ -3.5657e-08 ,29740 ],
[ 6.96761e-09 ,29750 ],
[ 2.65354e-10 ,29760 ],
[ 3.05481e-08 ,29770 ],
[ 1.42804e-08 ,29780 ],
[ -6.63162e-09 ,29790 ],
[ -3.13892e-08 ,29800 ],
[ -1.02424e-08 ,29810 ],
[ 2.17842e-08 ,29820 ],
[ -2.98881e-08 ,29830 ],
[ 8.32565e-09 ,29840 ],
[ 5.45141e-08 ,29850 ],
[ 7.71301e-09 ,29860 ],
[ 3.006e-09 ,29870 ],
[ 2.03888e-08 ,29880 ],
[ 8.95815e-09 ,29890 ],
[ -2.12498e-08 ,29900 ],
[ -9.62773e-09 ,29910 ],
[ -1.14105e-08 ,29920 ],
[ 4.8827e-09 ,29930 ],
[ -1.59425e-08 ,29940 ],
[ -3.62388e-08 ,29950 ],
[ 3.62462e-10 ,29960 ],
[ -5.85055e-09 ,29970 ],
[ -1.21603e-08 ,29980 ],
[ 2.43335e-08 ,29990 ],
[ 5.03763e-08 ,30000 ],
[ -5.76954e-08 ,30010 ],
[ 3.03118e-08 ,30020 ],
[ -4.2408e-08 ,30030 ],
[ 2.9991e-08 ,30040 ],
[ -7.1893e-09 ,30050 ],
[ 7.76751e-08 ,30060 ],
[ 2.45566e-08 ,30070 ],
[ 5.9822e-08 ,30080 ],
[ 2.85398e-08 ,30090 ],
[ 2.76658e-08 ,30100 ],
[ 3.98881e-08 ,30110 ],
[ 2.77815e-08 ,30120 ],
[ 5.95509e-08 ,30130 ],
[ 1.45843e-08 ,30140 ],
[ 1.92628e-08 ,30150 ],
[ 4.30029e-08 ,30160 ],
[ -3.88774e-08 ,30170 ],
[ -2.6126e-08 ,30180 ],
[ -1.68813e-09 ,30190 ],
[ -2.2149e-08 ,30200 ],
[ 2.47914e-09 ,30210 ],
[ 7.94335e-09 ,30220 ],
[ -6.23771e-08 ,30230 ],
[ 2.0174e-08 ,30240 ],
[ -3.94342e-09 ,30250 ],
[ -3.8342e-09 ,30260 ],
[ 5.61968e-09 ,30270 ],
[ -9.09316e-09 ,30280 ],
[ -1.43704e-08 ,30290 ],
[ 1.44319e-08 ,30300 ],
[ -5.94987e-10 ,30310 ],
[ 3.22445e-08 ,30320 ],
[ 2.18193e-10 ,30330 ],
[ 2.58705e-08 ,30340 ],
[ -1.77464e-09 ,30350 ],
[ -2.89394e-09 ,30360 ],
[ 4.76007e-08 ,30370 ],
[ -9.85614e-09 ,30380 ],
[ 3.97404e-08 ,30390 ],
[ -5.32301e-09 ,30400 ],
[ 2.54692e-08 ,30410 ],
[ 2.98962e-08 ,30420 ],
[ -2.07606e-08 ,30430 ],
[ 1.43936e-08 ,30440 ],
[ -4.5105e-08 ,30450 ],
[ -1.50786e-08 ,30460 ],
[ -7.65643e-09 ,30470 ],
[ -6.75674e-08 ,30480 ],
[ -5.42561e-09 ,30490 ],
[ -3.03962e-08 ,30500 ],
[ -1.16557e-08 ,30510 ],
[ -5.7868e-09 ,30520 ],
[ -3.54042e-08 ,30530 ],
[ -3.47692e-08 ,30540 ],
[ -5.6384e-08 ,30550 ],
[ 2.59643e-08 ,30560 ],
[ -2.95276e-08 ,30570 ],
[ -3.37028e-08 ,30580 ],
[ -1.04964e-08 ,30590 ],
[ 3.72759e-08 ,30600 ],
[ -1.87004e-08 ,30610 ],
[ -4.29513e-08 ,30620 ],
[ -4.49436e-08 ,30630 ],
[ -5.26717e-08 ,30640 ],
[ -2.05471e-09 ,30650 ],
[ 3.54029e-09 ,30660 ],
[ 1.47379e-08 ,30670 ],
[ -1.32828e-08 ,30680 ],
[ -2.99626e-08 ,30690 ],
[ 4.42308e-08 ,30700 ],
[ 2.55707e-08 ,30710 ],
[ 2.78829e-08 ,30720 ],
[ -2.25606e-08 ,30730 ],
[ -9.52305e-10 ,30740 ],
[ -8.47937e-10 ,30750 ],
[ -3.32813e-09 ,30760 ],
[ -1.4932e-08 ,30770 ],
[ 1.22614e-08 ,30780 ],
[ -4.38121e-08 ,30790 ],
[ -1.70327e-08 ,30800 ],
[ -2.95373e-08 ,30810 ],
[ 9.10272e-09 ,30820 ],
[ 2.36866e-08 ,30830 ],
[ -1.35358e-08 ,30840 ],
[ -5.53268e-08 ,30850 ],
[ 5.50786e-09 ,30860 ],
[ -8.18645e-09 ,30870 ],
[ -9.33707e-09 ,30880 ],
[ 3.64976e-09 ,30890 ],
[ -3.5302e-08 ,30900 ],
[ -1.02022e-08 ,30910 ],
[ 1.82978e-08 ,30920 ],
[ -8.47665e-09 ,30930 ],
[ -1.72595e-08 ,30940 ],
[ -1.96537e-08 ,30950 ],
[ -3.28758e-08 ,30960 ],
[ 1.56802e-08 ,30970 ],
[ 5.16737e-08 ,30980 ],
[ 1.52804e-08 ,30990 ],
[ -1.16829e-08 ,31000 ],
[ 4.27583e-08 ,31010 ],
[ 4.13512e-08 ,31020 ],
[ 1.20968e-08 ,31030 ],
[ 3.68873e-08 ,31040 ],
[ 7.93869e-08 ,31050 ],
[ 4.80183e-08 ,31060 ],
[ -1.14296e-08 ,31070 ],
[ 1.79436e-08 ,31080 ],
[ -2.58825e-08 ,31090 ],
[ 4.36042e-08 ,31100 ],
[ -7.51098e-09 ,31110 ],
[ 5.16975e-08 ,31120 ],
[ 2.65657e-08 ,31130 ],
[ 5.32639e-08 ,31140 ],
[ -3.13768e-09 ,31150 ],
[ -6.19282e-09 ,31160 ],
[ 1.81437e-08 ,31170 ],
[ 6.16126e-09 ,31180 ],
[ -4.33438e-09 ,31190 ],
[ 3.82541e-08 ,31200 ],
[ 1.19803e-08 ,31210 ],
[ -5.41206e-09 ,31220 ],
[ 5.52503e-09 ,31230 ],
[ -7.99604e-09 ,31240 ],
[ 1.37896e-08 ,31250 ],
[ 1.17709e-09 ,31260 ],
[ -2.35685e-08 ,31270 ],
[ 1.64506e-08 ,31280 ],
[ -1.18034e-08 ,31290 ],
[ -2.11054e-08 ,31300 ],
[ 1.25568e-08 ,31310 ],
[ -1.23102e-08 ,31320 ],
[ -1.08809e-08 ,31330 ],
[ 7.85603e-09 ,31340 ],
[ 3.60183e-08 ,31350 ],
[ 2.52862e-08 ,31360 ],
[ -1.64906e-08 ,31370 ],
[ -4.92854e-08 ,31380 ],
[ 5.2853e-09 ,31390 ],
[ 4.56251e-08 ,31400 ],
[ 3.19641e-08 ,31410 ],
[ -1.727e-08 ,31420 ],
[ 2.73667e-08 ,31430 ],
[ -1.42053e-09 ,31440 ],
[ -2.11455e-08 ,31450 ],
[ -2.93675e-08 ,31460 ],
[ 1.76897e-08 ,31470 ],
[ 2.24948e-09 ,31480 ],
[ -3.23028e-08 ,31490 ],
[ -5.17671e-09 ,31500 ],
[ -1.62834e-09 ,31510 ],
[ -1.31137e-08 ,31520 ],
[ -1.98227e-09 ,31530 ],
[ 2.90816e-08 ,31540 ],
[ 2.59837e-08 ,31550 ],
[ -4.36723e-08 ,31560 ],
[ -5.84503e-08 ,31570 ],
[ -2.53354e-08 ,31580 ],
[ -2.0266e-08 ,31590 ],
[ -6.14895e-09 ,31600 ],
[ 2.75793e-08 ,31610 ],
[ -3.20239e-08 ,31620 ],
[ -3.4669e-09 ,31630 ],
[ -2.40239e-08 ,31640 ],
[ 1.3605e-09 ,31650 ],
[ -3.74661e-08 ,31660 ],
[ 2.63309e-08 ,31670 ],
[ -1.91356e-08 ,31680 ],
[ -1.54489e-08 ,31690 ],
[ -1.10555e-08 ,31700 ],
[ 1.21546e-08 ,31710 ],
[ 1.12573e-08 ,31720 ],
[ -3.18897e-08 ,31730 ],
[ -1.25306e-08 ,31740 ],
[ 5.08569e-08 ,31750 ],
[ -4.86561e-08 ,31760 ],
[ -7.94427e-10 ,31770 ],
[ -3.84249e-08 ,31780 ],
[ -2.61936e-08 ,31790 ],
[ -4.65714e-08 ,31800 ],
[ -2.87738e-08 ,31810 ],
[ 2.36411e-08 ,31820 ],
[ 1.4275e-08 ,31830 ],
[ 4.56457e-10 ,31840 ],
[ 3.06257e-08 ,31850 ],
[ 1.08902e-08 ,31860 ],
[ -1.04518e-08 ,31870 ],
[ -3.4553e-08 ,31880 ],
[ 1.64794e-09 ,31890 ],
[ 9.85709e-10 ,31900 ],
[ 5.893e-09 ,31910 ],
[ -1.69835e-08 ,31920 ],
[ 1.19886e-10 ,31930 ],
[ -2.15974e-09 ,31940 ],
[ -3.02968e-08 ,31950 ],
[ 4.91771e-09 ,31960 ],
[ -1.73952e-08 ,31970 ],
[ 1.40883e-08 ,31980 ],
[ -2.4854e-08 ,31990 ],
[ 8.66889e-10 ,32000 ],
[ -7.94593e-09 ,32010 ],
[ 3.21644e-09 ,32020 ],
[ 1.95119e-08 ,32030 ],
[ 1.07908e-08 ,32040 ],
[ 4.09313e-08 ,32050 ],
[ -3.35259e-09 ,32060 ],
[ 3.61674e-08 ,32070 ],
[ -5.98748e-09 ,32080 ],
[ -7.73837e-10 ,32090 ],
[ -5.7589e-08 ,32100 ],
[ 7.10631e-09 ,32110 ],
[ 1.80679e-08 ,32120 ],
[ 2.08245e-08 ,32130 ],
[ -3.4669e-09 ,32140 ],
[ 4.82933e-08 ,32150 ],
[ 6.27165e-08 ,32160 ],
[ 6.60747e-08 ,32170 ],
[ 6.2762e-09 ,32180 ],
[ 2.61448e-08 ,32190 ],
[ -2.82129e-08 ,32200 ],
[ -4.23309e-08 ,32210 ],
[ 1.19082e-08 ,32220 ],
[ 3.15944e-08 ,32230 ],
[ -2.20909e-08 ,32240 ],
[ -5.6001e-09 ,32250 ],
[ 1.71771e-09 ,32260 ],
[ 1.46522e-08 ,32270 ],
[ 6.77934e-08 ,32280 ],
[ 4.00654e-08 ,32290 ],
[ -2.56219e-09 ,32300 ],
[ 1.26289e-08 ,32310 ],
[ -3.46792e-08 ,32320 ],
[ 2.8223e-09 ,32330 ],
[ 1.42598e-08 ,32340 ],
[ -1.47601e-08 ,32350 ],
[ 1.35858e-08 ,32360 ],
[ 4.69486e-09 ,32370 ],
[ -5.79592e-09 ,32380 ],
[ 4.93712e-09 ,32390 ],
[ 3.59365e-09 ,32400 ],
[ -2.05257e-09 ,32410 ],
[ 2.50534e-08 ,32420 ],
[ -6.74895e-09 ,32430 ],
[ 4.40951e-08 ,32440 ],
[ -1.68622e-08 ,32450 ],
[ -1.15913e-09 ,32460 ],
[ -2.16252e-08 ,32470 ],
[ -4.66103e-09 ,32480 ],
[ -1.62765e-08 ,32490 ],
[ 1.50628e-08 ,32500 ],
[ 1.76596e-09 ,32510 ],
[ 9.6491e-09 ,32520 ],
[ -1.41194e-08 ,32530 ],
[ -3.09775e-08 ,32540 ],
[ -1.51392e-08 ,32550 ],
[ 3.44294e-08 ,32560 ],
[ -2.21535e-08 ,32570 ],
[ -6.64527e-09 ,32580 ],
[ 2.6304e-08 ,32590 ],
[ 7.06105e-11 ,32600 ],
[ -2.57675e-10 ,32610 ],
[ 1.19982e-08 ,32620 ],
[ 1.63306e-08 ,32630 ],
[ -4.5059e-09 ,32640 ],
[ 2.19954e-08 ,32650 ],
[ -1.17404e-08 ,32660 ],
[ -3.44924e-08 ,32670 ],
[ 1.53001e-08 ,32680 ],
[ -5.44418e-08 ,32690 ],
[ -8.20032e-09 ,32700 ],
[ -4.6704e-08 ,32710 ],
[ -4.90748e-08 ,32720 ],
[ -1.60937e-08 ,32730 ],
[ -1.54814e-08 ,32740 ],
[ -1.7732e-08 ,32750 ],
[ 1.53434e-08 ,32760 ],
[ 6.75815e-09 ,32770 ],
[ -4.28075e-09 ,32780 ],
[ 1.4605e-08 ,32790 ],
[ -8.51461e-09 ,32800 ],
[ 4.88025e-08 ,32810 ],
[ -2.93227e-08 ,32820 ],
[ 1.04101e-08 ,32830 ],
[ -1.23645e-08 ,32840 ],
[ -7.29225e-09 ,32850 ],
[ -2.41861e-08 ,32860 ],
[ -2.78905e-08 ,32870 ],
[ -8.09218e-09 ,32880 ],
[ -3.10515e-08 ,32890 ],
[ -2.07398e-08 ,32900 ],
[ -5.17207e-08 ,32910 ],
[ -2.29434e-08 ,32920 ],
[ -2.91321e-08 ,32930 ],
[ 1.38204e-08 ,32940 ],
[ -3.28375e-08 ,32950 ],
[ -9.23325e-10 ,32960 ],
[ 6.15283e-08 ,32970 ],
[ 1.91086e-08 ,32980 ],
[ 6.70311e-09 ,32990 ],
[ -2.96515e-09 ,33000 ],
[ -2.22395e-09 ,33010 ],
[ 1.66991e-08 ,33020 ],
[ -1.85528e-08 ,33030 ],
[ -2.17077e-09 ,33040 ],
[ -2.62677e-08 ,33050 ],
[ -2.50209e-08 ,33060 ],
[ 6.73173e-09 ,33070 ],
[ 9.0878e-09 ,33080 ],
[ 4.74464e-08 ,33090 ],
[ 1.26277e-08 ,33100 ],
[ 2.05806e-08 ,33110 ],
[ -8.39296e-09 ,33120 ],
[ -2.23816e-08 ,33130 ],
[ 3.12821e-08 ,33140 ],
[ 1.184e-10 ,33150 ],
[ 1.72652e-08 ,33160 ],
[ -5.68082e-09 ,33170 ],
[ 3.03191e-08 ,33180 ],
[ 2.91178e-08 ,33190 ],
[ 5.0248e-08 ,33200 ],
[ -4.8979e-09 ,33210 ],
[ -2.03811e-08 ,33220 ],
[ 1.53141e-09 ,33230 ],
[ 1.49158e-09 ,33240 ],
[ 1.77958e-08 ,33250 ],
[ 1.86774e-08 ,33260 ],
[ -8.78133e-09 ,33270 ],
[ 3.00876e-08 ,33280 ],
[ 1.0783e-08 ,33290 ],
[ 2.4337e-08 ,33300 ],
[ -1.261e-08 ,33310 ],
[ -6.7788e-09 ,33320 ],
[ 2.81858e-08 ,33330 ],
[ -2.9948e-08 ,33340 ],
[ -1.139e-08 ,33350 ],
[ 1.94405e-08 ,33360 ],
[ -6.5031e-09 ,33370 ],
[ -2.29933e-09 ,33380 ],
[ 2.63431e-08 ,33390 ],
[ -1.47422e-08 ,33400 ],
[ 1.83862e-08 ,33410 ],
[ 2.84663e-08 ,33420 ],
[ 3.75423e-08 ,33430 ],
[ 7.88566e-08 ,33440 ],
[ 4.53829e-08 ,33450 ],
[ 3.72185e-08 ,33460 ],
[ -8.08587e-09 ,33470 ],
[ -1.51127e-09 ,33480 ],
[ 1.77518e-08 ,33490 ],
[ -1.7632e-08 ,33500 ],
[ 2.79508e-08 ,33510 ],
[ -1.0482e-09 ,33520 ],
[ 4.08052e-08 ,33530 ],
[ -9.87079e-10 ,33540 ],
[ -1.9846e-08 ,33550 ],
[ -9.9753e-11 ,33560 ],
[ -2.01288e-08 ,33570 ],
[ -2.67284e-08 ,33580 ],
[ -4.14865e-08 ,33590 ],
[ 1.61488e-08 ,33600 ],
[ 2.30434e-09 ,33610 ],
[ 2.99653e-08 ,33620 ],
[ -3.22681e-08 ,33630 ],
[ 4.93403e-08 ,33640 ],
[ -2.7854e-08 ,33650 ],
[ -1.89054e-09 ,33660 ],
[ -4.87067e-08 ,33670 ],
[ 1.52156e-08 ,33680 ],
[ -1.68104e-08 ,33690 ],
[ -2.51082e-08 ,33700 ],
[ -3.1636e-08 ,33710 ],
[ -7.36612e-08 ,33720 ],
[ 1.57496e-08 ,33730 ],
[ -4.43039e-08 ,33740 ],
[ 5.06418e-09 ,33750 ],
[ -1.48895e-08 ,33760 ],
[ 5.99232e-09 ,33770 ],
[ -2.85432e-08 ,33780 ],
[ -3.52973e-08 ,33790 ],
[ -3.28013e-08 ,33800 ],
[ 4.75141e-08 ,33810 ],
[ -4.28807e-08 ,33820 ],
[ -1.43364e-08 ,33830 ],
[ -1.10666e-08 ,33840 ],
[ -8.14208e-09 ,33850 ],
[ 3.70068e-08 ,33860 ],
[ -4.38632e-08 ,33870 ],
[ 2.76368e-09 ,33880 ],
[ 7.79224e-09 ,33890 ],
[ 7.16947e-09 ,33900 ],
[ -1.91078e-09 ,33910 ],
[ 1.98922e-08 ,33920 ],
[ -2.50789e-09 ,33930 ],
[ -2.10702e-08 ,33940 ],
[ -2.47948e-09 ,33950 ],
[ -1.57668e-08 ,33960 ],
[ -1.21428e-08 ,33970 ],
[ -4.83773e-09 ,33980 ],
[ 1.16817e-08 ,33990 ],
[ -1.43319e-08 ,34000 ],
[ 1.82552e-09 ,34010 ],
[ -7.94775e-09 ,34020 ],
[ -3.86512e-08 ,34030 ],
[ 2.34074e-08 ,34040 ],
[ -1.60622e-08 ,34050 ],
[ -1.9601e-08 ,34060 ],
[ 5.37414e-09 ,34070 ],
[ -9.67051e-09 ,34080 ],
[ -3.72748e-08 ,34090 ],
[ 2.94995e-08 ,34100 ],
[ -5.83599e-10 ,34110 ],
[ 1.49254e-08 ,34120 ],
[ -2.67374e-08 ,34130 ],
[ 6.21541e-08 ,34140 ],
[ 4.52579e-08 ,34150 ],
[ 9.80554e-09 ,34160 ],
[ -1.041e-08 ,34170 ],
[ -3.65168e-08 ,34180 ],
[ 2.10149e-08 ,34190 ],
[ 2.60745e-08 ,34200 ],
[ -4.31511e-09 ,34210 ],
[ 8.0425e-09 ,34220 ],
[ 1.56733e-08 ,34230 ],
[ 2.01206e-08 ,34240 ],
[ -6.98254e-09 ,34250 ],
[ -4.40632e-09 ,34260 ],
[ -1.1247e-08 ,34270 ],
[ 2.56234e-08 ,34280 ],
[ -5.3868e-08 ,34290 ],
[ 5.96548e-08 ,34300 ],
[ 1.53952e-08 ,34310 ],
[ 1.58254e-09 ,34320 ],
[ -6.34513e-08 ,34330 ],
[ -6.27527e-11 ,34340 ],
[ 2.21229e-08 ,34350 ],
[ -2.34239e-08 ,34360 ],
[ 3.10951e-09 ,34370 ],
[ -7.28771e-09 ,34380 ],
[ 3.71353e-08 ,34390 ],
[ 5.96264e-08 ,34400 ],
[ 3.3994e-09 ,34410 ],
[ 1.5316e-08 ,34420 ],
[ -7.778e-09 ,34430 ],
[ 2.12068e-08 ,34440 ],
[ -2.56225e-09 ,34450 ],
[ 1.21183e-08 ,34460 ],
[ -2.48128e-08 ,34470 ],
[ 2.13999e-08 ,34480 ],
[ 1.33815e-08 ,34490 ],
[ 3.32171e-08 ,34500 ],
[ 2.10698e-09 ,34510 ],
[ 3.42942e-08 ,34520 ],
[ 2.04229e-08 ,34530 ],
[ 5.10814e-08 ,34540 ],
[ 3.1591e-08 ,34550 ],
[ 8.16029e-08 ,34560 ],
[ 4.25846e-08 ,34570 ],
[ -1.15275e-08 ,34580 ],
[ 5.2779e-09 ,34590 ],
[ 9.75329e-10 ,34600 ],
[ 1.43194e-08 ,34610 ],
[ 4.76872e-08 ,34620 ],
[ -2.27638e-08 ,34630 ],
[ -3.86395e-08 ,34640 ],
[ -3.54669e-08 ,34650 ],
[ -3.33105e-09 ,34660 ],
[ -2.42497e-08 ,34670 ],
[ 1.3997e-08 ,34680 ],
[ -5.84116e-08 ,34690 ],
[ -2.24418e-08 ,34700 ],
[ -1.48556e-08 ,34710 ],
[ -4.13733e-09 ,34720 ],
[ 9.24668e-09 ,34730 ],
[ -7.71461e-08 ,34740 ],
[ -9.70838e-09 ,34750 ],
[ -2.33643e-08 ,34760 ],
[ -1.56829e-09 ,34770 ],
[ 5.37875e-09 ,34780 ],
[ -1.55709e-08 ,34790 ],
[ 4.70557e-08 ,34800 ],
[ 2.21346e-08 ,34810 ],
[ -1.81236e-08 ,34820 ],
[ 6.78199e-09 ,34830 ],
[ -7.3859e-08 ,34840 ],
[ -2.60898e-08 ,34850 ],
[ 1.80434e-08 ,34860 ],
[ -1.40875e-08 ,34870 ],
[ -3.41079e-08 ,34880 ],
[ 2.59565e-08 ,34890 ],
[ 2.99322e-08 ,34900 ],
[ -2.67731e-08 ,34910 ],
[ 1.86604e-08 ,34920 ],
[ -8.50377e-09 ,34930 ],
[ 7.90074e-09 ,34940 ],
[ -2.07026e-08 ,34950 ],
[ -3.95435e-08 ,34960 ],
[ -5.80264e-09 ,34970 ],
[ -5.01685e-08 ,34980 ],
[ -1.98936e-08 ,34990 ],
[ -2.20308e-09 ,35000 ],
[ -7.48966e-09 ,35010 ],
[ 3.931e-08 ,35020 ],
[ -3.46855e-08 ,35030 ],
[ -3.86204e-08 ,35040 ],
[ -5.38787e-08 ,35050 ],
[ 2.40809e-08 ,35060 ],
[ -3.33244e-08 ,35070 ],
[ -2.27963e-08 ,35080 ],
[ -1.51534e-08 ,35090 ],
[ 5.82788e-09 ,35100 ],
[ 1.60766e-08 ,35110 ],
[ 1.8701e-08 ,35120 ],
[ -5.10592e-08 ,35130 ],
[ 2.73171e-08 ,35140 ],
[ -1.80438e-08 ,35150 ],
[ -3.22358e-08 ,35160 ],
[ -1.89887e-08 ,35170 ],
[ 3.95446e-08 ,35180 ],
[ -1.26584e-08 ,35190 ],
[ -5.76418e-08 ,35200 ],
[ -7.98489e-09 ,35210 ],
[ 1.24711e-08 ,35220 ],
[ -8.84192e-09 ,35230 ],
[ 1.33339e-08 ,35240 ],
[ 9.2363e-09 ,35250 ],
[ 3.07648e-09 ,35260 ],
[ 1.60722e-08 ,35270 ],
[ -4.85573e-09 ,35280 ],
[ -1.16693e-08 ,35290 ],
[ 3.57105e-08 ,35300 ],
[ -8.64837e-09 ,35310 ],
[ 3.29712e-08 ,35320 ],
[ 2.3035e-08 ,35330 ],
[ 1.20233e-08 ,35340 ],
[ -3.64167e-11 ,35350 ],
[ -3.50032e-08 ,35360 ],
[ 5.90187e-08 ,35370 ],
[ 5.50345e-08 ,35380 ],
[ -7.48766e-09 ,35390 ],
[ 8.98425e-09 ,35400 ],
[ 7.25694e-09 ,35410 ],
[ -1.9928e-08 ,35420 ],
[ 2.89267e-08 ,35430 ],
[ -2.20848e-08 ,35440 ],
[ 3.07036e-08 ,35450 ],
[ 2.17321e-08 ,35460 ],
[ 1.66829e-08 ,35470 ],
[ -9.81709e-09 ,35480 ],
[ 5.4631e-08 ,35490 ],
[ 1.03547e-08 ,35500 ],
[ 2.88577e-08 ,35510 ],
[ 3.25677e-08 ,35520 ],
[ 8.35771e-09 ,35530 ],
[ 1.43636e-08 ,35540 ],
[ -5.02483e-09 ,35550 ],
[ 8.57519e-09 ,35560 ],
[ 8.6203e-09 ,35570 ],
[ 2.02661e-08 ,35580 ],
[ 2.99288e-08 ,35590 ],
[ 1.27358e-08 ,35600 ],
[ 4.61512e-08 ,35610 ],
[ 4.65831e-09 ,35620 ],
[ 1.6661e-08 ,35630 ],
[ 2.80701e-08 ,35640 ],
[ -2.98633e-09 ,35650 ],
[ 1.69481e-08 ,35660 ],
[ 2.01225e-08 ,35670 ],
[ 2.09046e-08 ,35680 ],
[ -9.84143e-09 ,35690 ],
[ 4.48712e-09 ,35700 ],
[ -2.53387e-08 ,35710 ],
[ -4.44651e-09 ,35720 ],
[ -1.65678e-08 ,35730 ],
[ 2.25183e-08 ,35740 ],
[ 2.56698e-09 ,35750 ],
[ -3.07086e-08 ,35760 ],
[ 1.88741e-09 ,35770 ],
[ -6.47815e-10 ,35780 ],
[ -1.20818e-08 ,35790 ],
[ -1.99406e-08 ,35800 ],
[ -2.31918e-08 ,35810 ],
[ 6.27503e-09 ,35820 ],
[ -4.86201e-08 ,35830 ],
[ -2.38917e-08 ,35840 ],
[ -3.29575e-08 ,35850 ],
[ -3.16589e-08 ,35860 ],
[ 1.04034e-08 ,35870 ],
[ 4.07824e-08 ,35880 ],
[ -6.61892e-09 ,35890 ],
[ -2.30908e-09 ,35900 ],
[ 3.67155e-09 ,35910 ],
[ 2.97925e-08 ,35920 ],
[ -1.55981e-08 ,35930 ],
[ -8.15594e-09 ,35940 ],
[ -2.57046e-09 ,35950 ],
[ 1.29697e-08 ,35960 ],
[ 1.2338e-08 ,35970 ],
[ -9.12321e-09 ,35980 ],
[ -7.76398e-09 ,35990 ],
[ 1.25797e-08 ,36000 ],
[ -2.89768e-08 ,36010 ],
[ -1.12463e-08 ,36020 ],
[ -2.96699e-08 ,36030 ],
[ -5.0581e-08 ,36040 ],
[ -6.59503e-08 ,36050 ],
[ -6.28735e-08 ,36060 ],
[ -1.40273e-08 ,36070 ],
[ -8.33123e-09 ,36080 ],
[ -3.65923e-08 ,36090 ],
[ -1.72456e-08 ,36100 ],
[ 7.12267e-09 ,36110 ],
[ 3.05078e-08 ,36120 ],
[ -2.12751e-08 ,36130 ],
[ -2.80656e-08 ,36140 ],
[ -1.58253e-08 ,36150 ],
[ 1.13722e-10 ,36160 ],
[ -2.19455e-08 ,36170 ],
[ 5.80967e-09 ,36180 ],
[ -3.4615e-08 ,36190 ],
[ -2.02603e-08 ,36200 ],
[ 4.08946e-09 ,36210 ],
[ 2.59999e-08 ,36220 ],
[ 8.89509e-09 ,36230 ],
[ -1.38354e-08 ,36240 ],
[ 2.30677e-08 ,36250 ],
[ -7.07533e-09 ,36260 ],
[ -6.71643e-09 ,36270 ],
[ 2.25231e-08 ,36280 ],
[ -1.66921e-08 ,36290 ],
[ 1.07831e-08 ,36300 ],
[ 4.4629e-08 ,36310 ],
[ -3.05043e-08 ,36320 ],
[ 5.82882e-08 ,36330 ],
[ 2.53944e-08 ,36340 ],
[ -7.80961e-09 ,36350 ],
[ -9.82267e-09 ,36360 ],
[ -2.46568e-08 ,36370 ],
[ 3.02694e-08 ,36380 ],
[ 8.71906e-09 ,36390 ],
[ -2.09044e-09 ,36400 ],
[ 6.29329e-09 ,36410 ],
[ -8.13867e-09 ,36420 ],
[ -5.74258e-10 ,36430 ],
[ 2.17311e-08 ,36440 ],
[ 1.97166e-08 ,36450 ],
[ 2.24628e-08 ,36460 ],
[ 2.93676e-09 ,36470 ],
[ 4.84383e-08 ,36480 ],
[ 1.01133e-08 ,36490 ],
[ 8.45697e-09 ,36500 ],
[ 8.01011e-09 ,36510 ],
[ 1.1878e-08 ,36520 ],
[ 6.70381e-08 ,36530 ],
[ 1.69786e-08 ,36540 ],
[ 3.53893e-08 ,36550 ],
[ 1.02918e-08 ,36560 ],
[ 1.24839e-08 ,36570 ],
[ 3.68061e-08 ,36580 ],
[ 2.87229e-08 ,36590 ],
[ 2.89077e-08 ,36600 ],
[ -1.39278e-08 ,36610 ],
[ 3.9189e-08 ,36620 ],
[ -2.04237e-11 ,36630 ],
[ -2.92952e-09 ,36640 ],
[ -2.37866e-08 ,36650 ],
[ 3.33599e-08 ,36660 ],
[ -1.61777e-08 ,36670 ],
[ -1.91693e-08 ,36680 ],
[ -2.29218e-08 ,36690 ],
[ -1.06881e-08 ,36700 ],
[ -2.01802e-09 ,36710 ],
[ 1.13783e-08 ,36720 ],
[ -1.97022e-08 ,36730 ],
[ -2.85277e-08 ,36740 ],
[ 1.8871e-08 ,36750 ],
[ 2.03759e-08 ,36760 ],
[ 2.20973e-09 ,36770 ],
[ -1.38226e-08 ,36780 ],
[ 1.8579e-08 ,36790 ],
[ 3.55428e-09 ,36800 ],
[ -4.7943e-09 ,36810 ],
[ -8.97062e-09 ,36820 ],
[ -3.03192e-08 ,36830 ],
[ -1.20468e-08 ,36840 ],
[ -1.69179e-08 ,36850 ],
[ -2.07336e-08 ,36860 ],
[ 2.33694e-08 ,36870 ],
[ 1.70205e-08 ,36880 ],
[ 6.15934e-10 ,36890 ],
[ 1.91091e-09 ,36900 ],
[ 1.03211e-08 ,36910 ],
[ -7.05408e-09 ,36920 ],
[ -3.81128e-08 ,36930 ],
[ -1.91565e-08 ,36940 ],
[ -9.05229e-09 ,36950 ],
[ -6.59925e-09 ,36960 ],
[ -2.26713e-08 ,36970 ],
[ 4.73177e-09 ,36980 ],
[ -4.89281e-08 ,36990 ],
[ 8.03692e-10 ,37000 ],
[ -2.94983e-08 ,37010 ],
[ -1.38411e-08 ,37020 ],
[ 1.15482e-10 ,37030 ],
[ 1.49334e-08 ,37040 ],
[ -3.24613e-08 ,37050 ],
[ -1.63016e-08 ,37060 ],
[ 1.77377e-08 ,37070 ],
[ 2.18188e-08 ,37080 ],
[ 1.9613e-09 ,37090 ],
[ -1.78116e-08 ,37100 ],
[ -4.61448e-08 ,37110 ],
[ -5.80211e-08 ,37120 ],
[ 7.82297e-09 ,37130 ],
[ -1.64141e-08 ,37140 ],
[ -8.28862e-09 ,37150 ],
[ -1.62032e-08 ,37160 ],
[ 6.711e-09 ,37170 ],
[ -1.35218e-08 ,37180 ],
[ -2.7304e-08 ,37190 ],
[ -5.46919e-09 ,37200 ],
[ 9.50223e-09 ,37210 ],
[ 2.33004e-08 ,37220 ],
[ 1.83317e-09 ,37230 ],
[ -3.74825e-08 ,37240 ],
[ 1.28054e-08 ,37250 ],
[ -1.45141e-08 ,37260 ],
[ -2.34395e-08 ,37270 ],
[ -1.39164e-08 ,37280 ],
[ 2.72685e-08 ,37290 ],
[ 1.03918e-08 ,37300 ],
[ 5.11834e-08 ,37310 ],
[ -5.70446e-09 ,37320 ],
[ -2.79124e-08 ,37330 ],
[ 1.39635e-08 ,37340 ],
[ 2.29699e-08 ,37350 ],
[ 1.31945e-08 ,37360 ],
[ -9.01956e-10 ,37370 ],
[ -2.55761e-08 ,37380 ],
[ 1.37378e-08 ,37390 ],
[ 3.45772e-08 ,37400 ],
[ 1.27637e-08 ,37410 ],
[ -3.04845e-08 ,37420 ],
[ -1.19406e-08 ,37430 ],
[ 1.65008e-09 ,37440 ],
[ -1.25905e-08 ,37450 ],
[ -3.04337e-09 ,37460 ],
[ 1.90231e-09 ,37470 ],
[ -1.37136e-09 ,37480 ],
[ 4.76146e-08 ,37490 ],
[ 7.12392e-09 ,37500 ],
[ -1.75695e-08 ,37510 ],
[ -1.23732e-08 ,37520 ],
[ 6.25615e-08 ,37530 ],
[ 3.77005e-08 ,37540 ],
[ 2.74811e-09 ,37550 ],
[ -1.44877e-08 ,37560 ],
[ -5.99529e-09 ,37570 ],
[ 6.38645e-09 ,37580 ],
[ 1.96575e-08 ,37590 ],
[ -4.52355e-08 ,37600 ],
[ 3.93073e-08 ,37610 ],
[ 2.27992e-08 ,37620 ],
[ -2.57989e-09 ,37630 ],
[ 5.1148e-08 ,37640 ],
[ -1.17965e-08 ,37650 ],
[ 1.59969e-08 ,37660 ],
[ 1.66646e-08 ,37670 ],
[ -6.94056e-09 ,37680 ],
[ -2.51986e-09 ,37690 ],
[ 8.43917e-09 ,37700 ],
[ 4.62505e-08 ,37710 ],
[ 3.80898e-08 ,37720 ],
[ -2.81373e-08 ,37730 ],
[ 2.15065e-08 ,37740 ],
[ -1.43645e-08 ,37750 ],
[ 9.3191e-09 ,37760 ],
[ 1.04437e-08 ,37770 ],
[ 3.26745e-08 ,37780 ],
[ 1.85629e-10 ,37790 ],
[ 8.92294e-09 ,37800 ],
[ 1.82706e-10 ,37810 ],
[ -1.36371e-08 ,37820 ],
[ -7.53416e-09 ,37830 ],
[ -1.15965e-08 ,37840 ],
[ 1.11137e-08 ,37850 ],
[ 2.88609e-08 ,37860 ],
[ -4.7895e-09 ,37870 ],
[ -5.74306e-08 ,37880 ],
[ 2.2732e-08 ,37890 ],
[ 9.45053e-09 ,37900 ],
[ -6.75787e-09 ,37910 ],
[ 6.28315e-12 ,37920 ],
[ 1.42596e-08 ,37930 ],
[ -1.12931e-08 ,37940 ],
[ 1.99021e-09 ,37950 ],
[ -1.2324e-08 ,37960 ],
[ 3.26239e-08 ,37970 ],
[ -7.7384e-09 ,37980 ],
[ -1.29779e-09 ,37990 ],
[ 5.48714e-08 ,38000 ],
[ 7.06813e-09 ,38010 ],
[ -7.73705e-08 ,38020 ],
[ -1.75642e-08 ,38030 ],
[ 1.37134e-08 ,38040 ],
[ 3.29597e-08 ,38050 ],
[ 3.04364e-09 ,38060 ],
[ -3.02201e-08 ,38070 ],
[ 2.03058e-09 ,38080 ],
[ -5.34328e-08 ,38090 ],
[ -2.70102e-08 ,38100 ],
[ -1.0788e-08 ,38110 ],
[ 4.67322e-08 ,38120 ],
[ -1.34556e-08 ,38130 ],
[ -3.10229e-08 ,38140 ],
[ -1.57225e-09 ,38150 ],
[ -2.70291e-08 ,38160 ],
[ -1.99389e-08 ,38170 ],
[ -2.70238e-08 ,38180 ],
[ -5.59658e-09 ,38190 ],
[ -5.88905e-08 ,38200 ],
[ 8.63591e-09 ,38210 ],
[ 1.76053e-08 ,38220 ],
[ -8.10967e-09 ,38230 ],
[ -5.89405e-08 ,38240 ],
[ -1.60172e-08 ,38250 ],
[ 4.39923e-09 ,38260 ],
[ -3.39916e-08 ,38270 ],
[ 6.57565e-09 ,38280 ],
[ -4.44558e-08 ,38290 ],
[ -3.56194e-08 ,38300 ],
[ 1.12919e-08 ,38310 ],
[ -3.5202e-08 ,38320 ],
[ 1.19088e-08 ,38330 ],
[ 2.10756e-08 ,38340 ],
[ -4.23173e-08 ,38350 ],
[ -6.16584e-08 ,38360 ],
[ -1.15522e-09 ,38370 ],
[ 2.83971e-10 ,38380 ],
[ -2.19742e-08 ,38390 ],
[ -1.72495e-08 ,38400 ],
[ 2.12053e-09 ,38410 ],
[ -1.23487e-08 ,38420 ],
[ 3.942e-08 ,38430 ],
[ 1.3639e-08 ,38440 ],
[ 2.13758e-08 ,38450 ],
[ 2.05414e-09 ,38460 ],
[ -2.24788e-09 ,38470 ],
[ 2.50088e-09 ,38480 ],
[ 5.80257e-09 ,38490 ],
[ 8.81415e-09 ,38500 ],
[ 1.0159e-08 ,38510 ],
[ -1.25963e-09 ,38520 ],
[ -1.05796e-08 ,38530 ],
[ 8.78109e-09 ,38540 ],
[ 2.52091e-08 ,38550 ],
[ 2.69193e-08 ,38560 ],
[ 6.93564e-09 ,38570 ],
[ 4.93078e-08 ,38580 ],
[ 1.24483e-08 ,38590 ],
[ 1.25905e-08 ,38600 ],
[ -1.14673e-08 ,38610 ],
[ 4.14291e-08 ,38620 ],
[ 2.8826e-08 ,38630 ],
[ 6.55977e-09 ,38640 ],
[ 4.3478e-08 ,38650 ],
[ 2.39184e-08 ,38660 ],
[ 5.59227e-09 ,38670 ],
[ -1.94354e-08 ,38680 ],
[ -1.29727e-08 ,38690 ],
[ 1.94404e-08 ,38700 ],
[ 9.48581e-09 ,38710 ],
[ 9.86864e-09 ,38720 ],
[ 4.14579e-08 ,38730 ],
[ 2.06807e-08 ,38740 ],
[ -5.43981e-09 ,38750 ],
[ 2.41815e-08 ,38760 ],
[ 3.59408e-08 ,38770 ],
[ -8.82587e-09 ,38780 ],
[ 4.43288e-08 ,38790 ],
[ 4.95157e-08 ,38800 ],
[ -6.05012e-09 ,38810 ],
[ 4.60951e-08 ,38820 ],
[ -5.93414e-09 ,38830 ],
[ 9.40947e-09 ,38840 ],
[ 3.24404e-08 ,38850 ],
[ -2.2022e-08 ,38860 ],
[ 3.93855e-08 ,38870 ],
[ -3.63007e-08 ,38880 ],
[ -4.23412e-08 ,38890 ],
[ -2.91507e-08 ,38900 ],
[ -5.71038e-08 ,38910 ],
[ -3.08098e-08 ,38920 ],
[ 4.36091e-08 ,38930 ],
[ -3.53707e-08 ,38940 ],
[ -1.36509e-08 ,38950 ],
[ 5.92679e-10 ,38960 ],
[ 3.02398e-08 ,38970 ],
[ 5.57682e-09 ,38980 ],
[ 2.7254e-08 ,38990 ],
[ -3.54058e-08 ,39000 ],
[ 9.79514e-09 ,39010 ],
[ -2.2634e-08 ,39020 ],
[ -1.99167e-08 ,39030 ],
[ 1.83355e-08 ,39040 ],
[ -1.55426e-08 ,39050 ],
[ -1.32159e-08 ,39060 ],
[ 1.45968e-08 ,39070 ],
[ -5.2445e-09 ,39080 ],
[ -2.76347e-08 ,39090 ],
[ 4.29183e-09 ,39100 ],
[ -3.10902e-09 ,39110 ],
[ -2.86632e-08 ,39120 ],
[ 2.16508e-08 ,39130 ],
[ -7.83481e-08 ,39140 ],
[ 9.6833e-09 ,39150 ],
[ 1.95261e-08 ,39160 ],
[ -2.12915e-08 ,39170 ],
[ -7.93013e-09 ,39180 ],
[ 3.76638e-09 ,39190 ],
[ 6.33842e-08 ,39200 ],
[ -4.07727e-09 ,39210 ],
[ -2.16091e-08 ,39220 ],
[ -1.80943e-08 ,39230 ],
[ -5.84959e-08 ,39240 ],
[ -1.8873e-08 ,39250 ],
[ -6.24372e-08 ,39260 ],
[ -1.39582e-08 ,39270 ],
[ -7.35184e-09 ,39280 ],
[ 4.33664e-10 ,39290 ],
[ -4.73738e-08 ,39300 ],
[ -2.7794e-08 ,39310 ],
[ 2.80019e-08 ,39320 ],
[ -1.57889e-08 ,39330 ],
[ -2.02364e-08 ,39340 ],
[ 1.07229e-08 ,39350 ],
[ 1.92336e-08 ,39360 ],
[ -2.50527e-08 ,39370 ],
[ -1.57622e-08 ,39380 ],
[ 5.63376e-09 ,39390 ],
[ 1.21597e-08 ,39400 ],
[ -1.41289e-08 ,39410 ],
[ 3.87049e-08 ,39420 ],
[ -5.04983e-09 ,39430 ],
[ -2.44305e-08 ,39440 ],
[ -2.98125e-08 ,39450 ],
[ 1.19087e-08 ,39460 ],
[ 2.67489e-08 ,39470 ],
[ 2.91772e-08 ,39480 ],
[ 1.85317e-09 ,39490 ],
[ 2.81238e-08 ,39500 ],
[ 5.65863e-09 ,39510 ],
[ 3.39126e-08 ,39520 ],
[ -3.68697e-09 ,39530 ],
[ -2.84766e-08 ,39540 ],
[ 3.87047e-08 ,39550 ],
[ 1.95384e-09 ,39560 ],
[ 5.55816e-09 ,39570 ],
[ 1.39382e-08 ,39580 ],
[ 4.75922e-09 ,39590 ],
[ -1.38131e-08 ,39600 ],
[ 1.81077e-08 ,39610 ],
[ -1.0611e-08 ,39620 ],
[ -1.72531e-09 ,39630 ],
[ -1.9565e-08 ,39640 ],
[ 1.69619e-08 ,39650 ],
[ -1.15274e-08 ,39660 ],
[ -1.8549e-08 ,39670 ],
[ 5.06784e-09 ,39680 ],
[ 1.76776e-08 ,39690 ],
[ -2.49414e-08 ,39700 ],
[ 1.7856e-08 ,39710 ],
[ 6.57373e-09 ,39720 ],
[ 3.11131e-08 ,39730 ],
[ -9.30242e-09 ,39740 ],
[ 1.54112e-08 ,39750 ],
[ 3.33133e-08 ,39760 ],
[ -2.06491e-08 ,39770 ],
[ 9.21989e-09 ,39780 ],
[ 3.40743e-08 ,39790 ],
[ 7.64795e-09 ,39800 ],
[ 3.92481e-10 ,39810 ],
[ 2.29574e-08 ,39820 ],
[ -2.64936e-08 ,39830 ],
[ -1.17674e-08 ,39840 ],
[ 7.14693e-09 ,39850 ],
[ -5.54144e-09 ,39860 ],
[ 1.21314e-08 ,39870 ],
[ 4.17839e-08 ,39880 ],
[ 3.76712e-08 ,39890 ],
[ -2.18165e-08 ,39900 ],
[ 5.51228e-08 ,39910 ],
[ 1.98243e-08 ,39920 ],
[ 2.38329e-08 ,39930 ],
[ 3.52882e-08 ,39940 ],
[ -4.15491e-08 ,39950 ],
[ 2.91554e-08 ,39960 ],
[ 6.49419e-09 ,39970 ],
[ -2.39923e-08 ,39980 ],
[ -3.81333e-08 ,39990 ],
[ 1.7688e-08 ,40000 ],
