[0 , -3294.36],
[1 , -3294.37],
[2 , -3294.4],
[3 , -3294.44],
[4 , -3294.49],
[5 , -3294.55],
[6 , -3294.63],
[7 , -3294.72],
[8 , -3294.82],
[9 , -3294.93],
[10 , -3295.06],
[11 , -3295.2],
[12 , -3295.34],
[13 , -3287.32],
[14 , -3295.06],
[15 , -3295.23],
[16 , -3295.41],
[17 , -3295.6],
[18 , -3295.78],
[19 , -3295.97],
[20 , -3296.17],
[21 , -3149.79],
[22 , -3254.64],
[23 , -3294.95],
[24 , -3295.18],
[25 , -3295.41],
[26 , -3295.6],
[27 , -3295.86],
[28 , -3296.08],
[29 , -3296.35],
[30 , -3296.57],
[31 , -3296.86],
[32 , -3297.13],
[33 , -3297.44],
[34 , -3297.76],
[35 , -3298.05],
[36 , -3276.64],
[37 , -3288.98],
[38 , -3297.24],
[39 , -3297.57],
[40 , -3297.88],
[41 , -3298.18],
[42 , -3298.51],
[43 , -3298.85],
[44 , -3299.18],
[45 , -3299.5],
[46 , -3283.79],
[47 , -3299.41],
[48 , -3299.75],
[49 , -3274.65],
[50 , -3274.58],
[51 , -3288.83],
[52 , -3293.77],
[53 , -3299.28],
[54 , -3299.62],
[55 , -3299.96],
[56 , -3300.3],
[57 , -3287.25],
[58 , -3275.83],
[59 , -3298.36],
[60 , -3298.68],
[61 , -3298.98],
[62 , -3299.3],
[63 , -3271.2],
[64 , -3269.97],
[65 , -3301.25],
[66 , -3301.52],
[67 , -3301.79],
[68 , -3302.06],
[69 , -3302.32],
[70 , -3302.56],
[71 , -3295.41],
[72 , -3302.53],
[73 , -3295.37],
[74 , -3302.48],
[75 , -3302.71],
[76 , -3298.96],
[77 , -3302.99],
[78 , -3303.2],
[79 , -3303.4],
[80 , -3286.94],
[81 , -3300.97],
[82 , -3296.12],
[83 , -3301.37],
[84 , -3290.09],
[85 , -3301.88],
[86 , -3294.96],
[87 , -3302.34],
[88 , -3302.48],
[89 , -3295.42],
[90 , -3302.92],
[91 , -3295.79],
[92 , -3303.34],
[93 , -3303.46],
[94 , -3303.58],
[95 , -3303.7],
[96 , -3303.82],
[97 , -3277.26],
[98 , -3302.24],
[99 , -3302.36],
[100 , -3302.46],
[101 , -3296.14],
[102 , -3302.64],
[103 , -3302.74],
[104 , -3295.62],
[105 , -3302.61],
[106 , -3295.48],
[107 , -3288.48],
[108 , -3302.03],
[109 , -3302.1],
[110 , -3302.17],
[111 , -3302.21],
[112 , -3302.28],
[113 , -3302.34],
[114 , -3302.4],
[115 , -3302.47],
[116 , -3295.4],
[117 , -3302.87],
[118 , -3302.93],
[119 , -3302.99],
[120 , -3303.06],
[121 , -3303.12],
[122 , -3296.86],
[123 , -3303.11],
[124 , -3303.14],
[125 , -3297.68],
[126 , -3291.95],
[127 , -3295.88],
[128 , -3291.01],
[129 , -3295.37],
[130 , -3296.52],
[131 , -3296.28],
[132 , -3303.07],
[133 , -3303.03],
[134 , -3295.75],
[135 , -3302.65],
[136 , -3302.63],
[137 , -3302.6],
[138 , -3302.58],
[139 , -3302.55],
[140 , -3302.55],
[141 , -3298.51],
[142 , -3302.52],
[143 , -3298.38],
[144 , -3302.52],
[145 , -3288.67],
[146 , -3288.75],
[147 , -3289.62],
[148 , -3302.26],
[149 , -3292.58],
[150 , -3302.08],
[151 , -3301.97],
[152 , -3301.85],
[153 , -3301.74],
[154 , -3301.64],
[155 , -3296.49],
[156 , -3301.39],
[157 , -3301.32],
[158 , -3293.87],
[159 , -3282.91],
[160 , -3297.67],
[161 , -3301.37],
[162 , -3301.32],
[163 , -3296.42],
[164 , -3294.55],
[165 , -3297.32],
[166 , -3296.25],
[167 , -3292.86],
[168 , -3296.39],
[169 , -3298.28],
[170 , -3299.9],
[171 , -3299.71],
[172 , -3294],
[173 , -3299.68],
[174 , -3292.72],
[175 , -3299.56],
[176 , -3294.72],
[177 , -3299.61],
[178 , -3299.47],
[179 , -3299.35],
[180 , -3292.77],
[181 , -3299.15],
[182 , -3299.04],
[183 , -3293.7],
[184 , -3280.6],
[185 , -3283],
[186 , -3290.21],
[187 , -3296.78],
[188 , -3289.8],
[189 , -3296.22],
[190 , -3296.08],
[191 , -3295.96],
[192 , -3295.84],
[193 , -3275.17],
[194 , -3280.57],
[195 , -3270.89],
[196 , -3266.03],
[197 , -3283.26],
[198 , -3284.14],
[199 , -3287.89],
[200 , -3293.69],
[201 , -3293.45],
[202 , -3279.69],
[203 , -3286.82],
[204 , -3291.8],
[205 , -3291.57],
[206 , -3284.88],
[207 , -3273.65],
[208 , -3275.83],
[209 , -3276.42],
[210 , -3289.78],
[211 , -3289.62],
[212 , -3289.49],
[213 , -3289.37],
[214 , -3289.27],
[215 , -3289.18],
[216 , -3289.12],
[217 , -3282.57],
[218 , -3289.18],
[219 , -3285.28],
[220 , -3283.37],
[221 , -3285.23],
[222 , -3280.63],
[223 , -3282.57],
[224 , -3287.78],
[225 , -3282.71],
[226 , -3287.81],
[227 , -3281.96],
[228 , -3280.71],
[229 , -3280.88],
[230 , -3276.79],
[231 , -3280.07],
[232 , -3289.1],
[233 , -3289.07],
[234 , -3289.07],
[235 , -3289.08],
[236 , -3285.49],
[237 , -3274.48],
[238 , -3266.77],
[239 , -3284.33],
[240 , -3289.94],
[241 , -3289.95],
[242 , -3277.9],
[243 , -3289.09],
[244 , -3278.14],
[245 , -3284.43],
[246 , -3284.32],
[247 , -3288.53],
[248 , -3275.47],
[249 , -3287.72],
[250 , -3287.75],
[251 , -3287.79],
[252 , -3287.86],
[253 , -3287.94],
[254 , -3288.04],
[255 , -3288.15],
[256 , -3288.28],
[257 , -3286.96],
[258 , -3289.66],
[259 , -3289.74],
[260 , -3279.68],
[261 , -3282.28],
[262 , -3278.45],
[263 , -3290.34],
[264 , -3286.56],
[265 , -3285.86],
[266 , -3290.64],
[267 , -3290.69],
[268 , -3290.75],
[269 , -3283.99],
[270 , -3269.91],
[271 , -3283.63],
[272 , -3283.71],
[273 , -3290.3],
[274 , -3290.35],
[275 , -3280.28],
[276 , -3291.56],
[277 , -3286.3],
[278 , -3284.96],
[279 , -3292.23],
[280 , -3292.37],
[281 , -3292.51],
[282 , -3292.66],
[283 , -3292.82],
[284 , -3289.36],
[285 , -3293.53],
[286 , -3289.8],
[287 , -3293.45],
[288 , -3293.6],
[289 , -3293.76],
[290 , -3279.73],
[291 , -3287.13],
[292 , -3286.65],
[293 , -3282.09],
[294 , -3282.45],
[295 , -3295.09],
[296 , -3291.35],
[297 , -3289.18],
[298 , -3287.25],
[299 , -3276.44],
[300 , -3294.21],
[301 , -3283.13],
[302 , -3294.35],
[303 , -3266.83],
[304 , -3288.6],
[305 , -3271.81],
[306 , -3293.05],
[307 , -3288.62],
[308 , -3284.97],
[309 , -3292.94],
[310 , -3287.92],
[311 , -3285.2],
[312 , -3292.62],
[313 , -3292.66],
[314 , -3292.71],
[315 , -3285.35],
[316 , -3293.02],
[317 , -3293.07],
[318 , -3293.14],
[319 , -3293.21],
[320 , -3287.7],
[321 , -3292.39],
[322 , -3286.49],
[323 , -3292.44],
[324 , -3292.5],
[325 , -3292.55],
[326 , -3292.6],
[327 , -3288.35],
[328 , -3292.68],
[329 , -3292.74],
[330 , -3292.8],
[331 , -3292.87],
[332 , -3292.94],
[333 , -3293.02],
[334 , -3287.98],
[335 , -3292.69],
[336 , -3292.76],
[337 , -3292.84],
[338 , -3292.92],
[339 , -3289.57],
[340 , -3294.27],
[341 , -3294.34],
[342 , -3283.05],
[343 , -3293.88],
[344 , -3293.92],
[345 , -3293.96],
[346 , -3294],
[347 , -3294.04],
[348 , -3294.08],
[349 , -3289.75],
[350 , -3293.63],
[351 , -3293.63],
[352 , -3293.64],
[353 , -3293.66],
[354 , -3293.68],
[355 , -3288.88],
[356 , -3285.97],
[357 , -3286.36],
[358 , -3292.98],
[359 , -3293.01],
[360 , -3284.36],
[361 , -3284.65],
[362 , -3292.05],
[363 , -3292.09],
[364 , -3292.13],
[365 , -3284.98],
[366 , -3284.52],
[367 , -3292.07],
[368 , -3292.11],
[369 , -3292.16],
[370 , -3272.61],
[371 , -3283.16],
[372 , -3283.84],
[373 , -3290.32],
[374 , -3290.38],
[375 , -3290.45],
[376 , -3290.53],
[377 , -3285.54],
[378 , -3290.9],
[379 , -3283.75],
[380 , -3291.41],
[381 , -3291.49],
[382 , -3291.59],
[383 , -3291.68],
[384 , -3291.76],
[385 , -3291.84],
[386 , -3291.92],
[387 , -3292],
[388 , -3292.07],
[389 , -3292.14],
[390 , -3288.07],
[391 , -3292.42],
[392 , -3292.48],
[393 , -3292.54],
[394 , -3285.46],
[395 , -3292.69],
[396 , -3285.33],
[397 , -3293.18],
[398 , -3293.19],
[399 , -3293.21],
[400 , -3285.43],
[401 , -3293.14],
[402 , -3293.14],
[403 , -3293.15],
[404 , -3293.15],
[405 , -3293.16],
[406 , -3293.15],
[407 , -3293.14],
[408 , -3293.14],
[409 , -3293.13],
[410 , -3293.13],
[411 , -3293.12],
[412 , -3293.11],
[413 , -3293.1],
[414 , -3285.99],
[415 , -3293.25],
[416 , -3293.24],
[417 , -3293.23],
[418 , -3293.23],
[419 , -3293.22],
[420 , -3293.21],
[421 , -3293.21],
[422 , -3293.21],
[423 , -3293.2],
[424 , -3293.2],
[425 , -3293.21],
[426 , -3293.19],
[427 , -3293.18],
[428 , -3293.17],
[429 , -3293.17],
[430 , -3293.16],
[431 , -3293.15],
[432 , -3293.15],
[433 , -3293.15],
[434 , -3293.14],
[435 , -3293.14],
[436 , -3293.13],
[437 , -3293.14],
[438 , -3293.14],
[439 , -3293.14],
[440 , -3293.14],
[441 , -3293.15],
[442 , -3293.16],
[443 , -3293.16],
[444 , -3293.17],
[445 , -3293.18],
[446 , -3293.19],
[447 , -3293.21],
[448 , -3293.23],
[449 , -3293.25],
[450 , -3285.81],
[451 , -3292.79],
[452 , -3292.81],
[453 , -3292.83],
[454 , -3292.86],
[455 , -3292.89],
[456 , -3292.92],
[457 , -3292.95],
[458 , -3292.99],
[459 , -3285.87],
[460 , -3293.19],
[461 , -3293.22],
[462 , -3293.24],
[463 , -3293.28],
[464 , -3288.89],
[465 , -3292.73],
[466 , -3292.77],
[467 , -3292.81],
[468 , -3292.86],
[469 , -3292.91],
[470 , -3292.95],
[471 , -3293],
[472 , -3293.05],
[473 , -3293.1],
[474 , -3293.16],
[475 , -3293.21],
[476 , -3293.27],
[477 , -3293.32],
[478 , -3293.38],
[479 , -3293.44],
[480 , -3293.49],
[481 , -3293.55],
[482 , -3293.61],
[483 , -3293.67],
[484 , -3293.72],
[485 , -3293.78],
[486 , -3293.85],
[487 , -3293.91],
[488 , -3293.97],
[489 , -3294.04],
[490 , -3294.1],
[491 , -3287],
[492 , -3293.74],
[493 , -3293.8],
[494 , -3293.84],
[495 , -3293.89],
[496 , -3293.95],
[497 , -3294],
[498 , -3294.05],
[499 , -3294.1],
[500 , -3294.15],
[501 , -3294.2],
[502 , -3294.24],
[503 , -3294.28],
[504 , -3294.33],
[505 , -3294.38],
[506 , -3294.42],
[507 , -3294.46],
[508 , -3294.5],
[509 , -3294.53],
[510 , -3294.56],
[511 , -3294.59],
[512 , -3294.63],
[513 , -3294.65],
[514 , -3294.68],
[515 , -3294.72],
[516 , -3294.74],
[517 , -3294.77],
[518 , -3294.79],
[519 , -3294.81],
[520 , -3294.82],
[521 , -3294.84],
[522 , -3294.85],
[523 , -3294.87],
[524 , -3294.89],
[525 , -3294.91],
[526 , -3294.91],
[527 , -3294.92],
[528 , -3294.93],
[529 , -3294.94],
[530 , -3288.37],
[531 , -3293.87],
[532 , -3293.85],
[533 , -3293.83],
[534 , -3293.82],
[535 , -3293.8],
[536 , -3293.81],
[537 , -3293.81],
[538 , -3293.8],
[539 , -3293.81],
[540 , -3293.82],
[541 , -3291.51],
[542 , -3289.42],
[543 , -3295.34],
[544 , -3295.34],
[545 , -3295.33],
[546 , -3295.31],
[547 , -3295.3],
[548 , -3295.3],
[549 , -3295.3],
[550 , -3295.3],
[551 , -3295.3],
[552 , -3295.3],
[553 , -3295.31],
[554 , -3295.32],
[555 , -3295.32],
[556 , -3295.32],
[557 , -3295.33],
[558 , -3295.33],
[559 , -3295.34],
[560 , -3295.35],
[561 , -3295.37],
[562 , -3295.38],
[563 , -3295.41],
[564 , -3295.43],
[565 , -3295.45],
[566 , -3295.47],
[567 , -3295.49],
[568 , -3295.52],
[569 , -3295.54],
[570 , -3295.56],
[571 , -3295.58],
[572 , -3295.6],
[573 , -3295.63],
[574 , -3295.65],
[575 , -3295.66],
[576 , -3295.69],
[577 , -3295.72],
[578 , -3295.74],
[579 , -3295.77],
[580 , -3295.79],
[581 , -3295.81],
[582 , -3295.84],
[583 , -3295.86],
[584 , -3295.89],
[585 , -3295.91],
[586 , -3295.94],
[587 , -3295.97],
[588 , -3295.99],
[589 , -3296.01],
[590 , -3296.03],
[591 , -3296.06],
[592 , -3296.08],
[593 , -3296.11],
[594 , -3296.13],
[595 , -3296.14],
[596 , -3296.17],
[597 , -3296.19],
[598 , -3291.28],
[599 , -3295.81],
[600 , -3295.8],
[601 , -3295.79],
[602 , -3295.78],
[603 , -3295.77],
[604 , -3295.77],
[605 , -3295.76],
[606 , -3295.76],
[607 , -3295.77],
[608 , -3295.77],
[609 , -3295.78],
[610 , -3295.8],
[611 , -3295.82],
[612 , -3295.82],
[613 , -3295.84],
[614 , -3295.87],
[615 , -3295.9],
[616 , -3295.93],
[617 , -3295.96],
[618 , -3295.98],
[619 , -3296.01],
[620 , -3296.05],
[621 , -3293.49],
[622 , -3296.42],
[623 , -3296.41],
[624 , -3296.39],
[625 , -3296.38],
[626 , -3296.37],
[627 , -3296.36],
[628 , -3296.33],
[629 , -3296.31],
[630 , -3296.3],
[631 , -3296.28],
[632 , -3296.24],
[633 , -3296.22],
[634 , -3296.19],
[635 , -3296.16],
[636 , -3296.13],
[637 , -3296.1],
[638 , -3296.06],
[639 , -3296.03],
[640 , -3296.01],
[641 , -3295.99],
[642 , -3295.96],
[643 , -3295.94],
[644 , -3295.91],
[645 , -3295.88],
[646 , -3295.85],
[647 , -3295.83],
[648 , -3295.81],
[649 , -3295.79],
[650 , -3295.77],
[651 , -3295.76],
[652 , -3295.75],
[653 , -3295.74],
[654 , -3295.73],
[655 , -3295.72],
[656 , -3295.72],
[657 , -3295.72],
[658 , -3295.72],
[659 , -3295.74],
[660 , -3295.74],
[661 , -3295.74],
[662 , -3295.75],
[663 , -3295.77],
[664 , -3295.78],
[665 , -3295.8],
[666 , -3295.83],
[667 , -3295.86],
[668 , -3295.89],
[669 , -3295.93],
[670 , -3295.96],
[671 , -3295.99],
[672 , -3296.03],
[673 , -3296.07],
[674 , -3296.11],
[675 , -3296.15],
[676 , -3293.18],
[677 , -3296.4],
[678 , -3296.43],
[679 , -3296.46],
[680 , -3296.49],
[681 , -3296.52],
[682 , -3296.54],
[683 , -3296.58],
[684 , -3296.61],
[685 , -3296.65],
[686 , -3296.68],
[687 , -3296.72],
[688 , -3296.76],
[689 , -3296.81],
[690 , -3296.85],
[691 , -3296.9],
[692 , -3296.95],
[693 , -3297],
[694 , -3297.05],
[695 , -3297.1],
[696 , -3297.15],
[697 , -3297.2],
[698 , -3297.26],
[699 , -3297.33],
[700 , -3297.38],
[701 , -3297.44],
[702 , -3297.51],
[703 , -3297.57],
[704 , -3293],
[705 , -3297.2],
[706 , -3297.26],
[707 , -3297.31],
[708 , -3297.38],
[709 , -3297.43],
[710 , -3290.66],
[711 , -3297.08],
[712 , -3297.09],
[713 , -3297.09],
[714 , -3297.1],
[715 , -3297.12],
[716 , -3297.12],
[717 , -3297.12],
[718 , -3297.12],
[719 , -3297.13],
[720 , -3292.07],
[721 , -3295.83],
[722 , -3295.79],
[723 , -3295.77],
[724 , -3295.74],
[725 , -3295.74],
[726 , -3295.74],
[727 , -3288.21],
[728 , -3295.54],
[729 , -3295.56],
[730 , -3291.72],
[731 , -3295.99],
[732 , -3296.02],
[733 , -3296.06],
[734 , -3296.1],
[735 , -3296.16],
[736 , -3296.22],
[737 , -3296.3],
[738 , -3296.38],
[739 , -3296.48],
[740 , -3296.57],
[741 , -3296.66],
[742 , -3296.77],
[743 , -3294.05],
[744 , -3297.42],
[745 , -3297.47],
[746 , -3297.51],
[747 , -3291.22],
[748 , -3297.07],
[749 , -3297.13],
[750 , -3297.18],
[751 , -3297.24],
[752 , -3297.3],
[753 , -3293.66],
[754 , -3298.06],
[755 , -3298.09],
[756 , -3298.13],
[757 , -3298.17],
[758 , -3298.22],
[759 , -3298.26],
[760 , -3298.32],
[761 , -3298.37],
[762 , -3298.42],
[763 , -3298.48],
[764 , -3298.54],
[765 , -3298.6],
[766 , -3295.43],
[767 , -3298.81],
[768 , -3298.84],
[769 , -3298.87],
[770 , -3290.27],
[771 , -3298.68],
[772 , -3298.68],
[773 , -3298.7],
[774 , -3298.71],
[775 , -3298.71],
[776 , -3292.02],
[777 , -3298.61],
[778 , -3298.61],
[779 , -3298.61],
[780 , -3298.62],
[781 , -3298.62],
[782 , -3298.63],
[783 , -3298.63],
[784 , -3298.64],
[785 , -3298.65],
[786 , -3298.66],
[787 , -3298.67],
[788 , -3298.67],
[789 , -3298.66],
[790 , -3298.67],
[791 , -3298.67],
[792 , -3295.05],
[793 , -3298.63],
[794 , -3298.62],
[795 , -3289.97],
[796 , -3297.89],
[797 , -3297.84],
[798 , -3297.81],
[799 , -3297.78],
[800 , -3297.76],
[801 , -3297.73],
[802 , -3297.71],
[803 , -3297.69],
[804 , -3297.67],
[805 , -3297.65],
[806 , -3293.35],
[807 , -3296.97],
[808 , -3296.95],
[809 , -3296.95],
[810 , -3296.95],
[811 , -3296.96],
[812 , -3296.96],
[813 , -3296.97],
[814 , -3296.98],
[815 , -3297],
[816 , -3293.04],
[817 , -3296.97],
[818 , -3297],
[819 , -3297.03],
[820 , -3297.06],
[821 , -3297.1],
[822 , -3293.06],
[823 , -3297.39],
[824 , -3297.42],
[825 , -3297.45],
[826 , -3297.49],
[827 , -3297.53],
[828 , -3297.57],
[829 , -3297.61],
[830 , -3297.65],
[831 , -3290.33],
[832 , -3288.1],
[833 , -3295.12],
[834 , -3295.13],
[835 , -3295.15],
[836 , -3295.15],
[837 , -3295.15],
[838 , -3295.16],
[839 , -3295.18],
[840 , -3295.18],
[841 , -3295.18],
[842 , -3295.19],
[843 , -3295.19],
[844 , -3295.21],
[845 , -3295.21],
[846 , -3295.21],
[847 , -3295.22],
[848 , -3295.23],
[849 , -3295.24],
[850 , -3295.24],
[851 , -3295.24],
[852 , -3295.23],
[853 , -3295.23],
[854 , -3288.2],
[855 , -3294.93],
[856 , -3294.93],
[857 , -3294.92],
[858 , -3294.91],
[859 , -3294.9],
[860 , -3294.89],
[861 , -3294.87],
[862 , -3294.86],
[863 , -3294.85],
[864 , -3294.83],
[865 , -3294.8],
[866 , -3294.79],
[867 , -3294.78],
[868 , -3294.76],
[869 , -3294.74],
[870 , -3294.72],
[871 , -3294.7],
[872 , -3294.68],
[873 , -3294.65],
[874 , -3294.63],
[875 , -3294.6],
[876 , -3294.57],
[877 , -3294.54],
[878 , -3294.51],
[879 , -3294.48],
[880 , -3294.45],
[881 , -3294.42],
[882 , -3294.38],
[883 , -3294.34],
[884 , -3294.31],
[885 , -3294.28],
[886 , -3294.25],
[887 , -3294.21],
[888 , -3294.19],
[889 , -3294.15],
[890 , -3294.13],
[891 , -3294.11],
[892 , -3287.17],
[893 , -3293.83],
[894 , -3293.8],
[895 , -3293.77],
[896 , -3293.73],
[897 , -3293.7],
[898 , -3293.67],
[899 , -3293.64],
[900 , -3293.62],
[901 , -3293.59],
[902 , -3293.56],
[903 , -3285.7],
[904 , -3291.93],
[905 , -3291.88],
[906 , -3291.85],
[907 , -3291.83],
[908 , -3291.82],
[909 , -3288.45],
[910 , -3291.63],
[911 , -3291.65],
[912 , -3291.69],
[913 , -3291.73],
[914 , -3291.8],
[915 , -3291.86],
[916 , -3288.79],
[917 , -3293.05],
[918 , -3293.04],
[919 , -3285.42],
[920 , -3293.13],
[921 , -3293.13],
[922 , -3293.11],
[923 , -3293.11],
[924 , -3293.1],
[925 , -3293.1],
[926 , -3293.09],
[927 , -3293.09],
[928 , -3293.09],
[929 , -3293.08],
[930 , -3293.08],
[931 , -3293.08],
[932 , -3293.09],
[933 , -3293.09],
[934 , -3293.09],
[935 , -3293.1],
[936 , -3293.12],
[937 , -3293.12],
[938 , -3293.13],
[939 , -3293.16],
[940 , -3293.17],
[941 , -3293.19],
[942 , -3293.21],
[943 , -3293.22],
[944 , -3293.24],
[945 , -3293.26],
[946 , -3293.29],
[947 , -3293.32],
[948 , -3293.35],
[949 , -3293.38],
[950 , -3293.41],
[951 , -3293.45],
[952 , -3293.49],
[953 , -3293.52],
[954 , -3293.56],
[955 , -3293.6],
[956 , -3293.64],
[957 , -3293.69],
[958 , -3289.69],
[959 , -3293.47],
[960 , -3293.52],
[961 , -3293.57],
[962 , -3293.62],
[963 , -3293.67],
[964 , -3293.72],
[965 , -3293.77],
[966 , -3287.69],
[967 , -3293.34],
[968 , -3293.37],
[969 , -3293.4],
[970 , -3293.44],
[971 , -3293.48],
[972 , -3293.52],
[973 , -3293.55],
[974 , -3293.58],
[975 , -3293.61],
[976 , -3293.65],
[977 , -3293.68],
[978 , -3293.71],
[979 , -3293.75],
[980 , -3293.78],
[981 , -3293.82],
[982 , -3293.86],
[983 , -3293.89],
[984 , -3293.92],
[985 , -3293.95],
[986 , -3293.99],
[987 , -3294.03],
[988 , -3294.06],
[989 , -3294.08],
[990 , -3294.1],
[991 , -3294.13],
[992 , -3294.14],
[993 , -3290.67],
[994 , -3294.52],
[995 , -3294.5],
[996 , -3294.48],
[997 , -3294.46],
[998 , -3294.44],
[999 , -3294.42],
[1000 , -3294.39],
[1001 , -3294.35],
[1002 , -3294.31],
[1003 , -3294.28],
[1004 , -3294.24],
[1005 , -3294.2],
[1006 , -3294.16],
[1007 , -3294.11],
[1008 , -3294.06],
[1009 , -3294],
[1010 , -3293.94],
[1011 , -3293.89],
[1012 , -3293.84],
[1013 , -3293.78],
[1014 , -3293.71],
[1015 , -3293.65],
[1016 , -3293.59],
[1017 , -3293.53],
[1018 , -3293.47],
[1019 , -3293.4],
[1020 , -3293.33],
[1021 , -3293.26],
[1022 , -3293.19],
[1023 , -3293.12],
[1024 , -3293.05],
[1025 , -3292.99],
[1026 , -3292.92],
[1027 , -3292.85],
[1028 , -3292.79],
[1029 , -3292.72],
[1030 , -3292.66],
[1031 , -3292.59],
[1032 , -3292.53],
[1033 , -3292.46],
[1034 , -3292.41],
[1035 , -3292.36],
[1036 , -3292.31],
[1037 , -3292.25],
[1038 , -3292.19],
[1039 , -3292.14],
[1040 , -3292.09],
[1041 , -3292.05],
[1042 , -3292],
[1043 , -3291.95],
[1044 , -3291.92],
[1045 , -3291.88],
[1046 , -3291.85],
[1047 , -3291.82],
[1048 , -3291.8],
[1049 , -3291.76],
[1050 , -3291.73],
[1051 , -3291.71],
[1052 , -3287.95],
[1053 , -3291.84],
[1054 , -3291.8],
[1055 , -3291.76],
[1056 , -3291.72],
[1057 , -3291.67],
[1058 , -3291.64],
[1059 , -3291.6],
[1060 , -3291.57],
[1061 , -3291.54],
[1062 , -3291.51],
[1063 , -3291.49],
[1064 , -3291.47],
[1065 , -3291.45],
[1066 , -3291.43],
[1067 , -3291.41],
[1068 , -3291.4],
[1069 , -3291.39],
[1070 , -3291.38],
[1071 , -3291.38],
[1072 , -3291.39],
[1073 , -3291.39],
[1074 , -3291.4],
[1075 , -3291.41],
[1076 , -3291.42],
[1077 , -3291.43],
[1078 , -3291.45],
[1079 , -3291.47],
[1080 , -3291.49],
[1081 , -3291.51],
[1082 , -3291.53],
[1083 , -3291.55],
[1084 , -3291.58],
[1085 , -3291.61],
[1086 , -3291.65],
[1087 , -3291.68],
[1088 , -3291.72],
[1089 , -3291.76],
[1090 , -3291.79],
[1091 , -3291.83],
[1092 , -3291.86],
[1093 , -3291.89],
[1094 , -3291.93],
[1095 , -3291.97],
[1096 , -3292.01],
[1097 , -3292.04],
[1098 , -3292.08],
[1099 , -3292.12],
[1100 , -3288.73],
[1101 , -3291.93],
[1102 , -3291.91],
[1103 , -3291.9],
[1104 , -3291.88],
[1105 , -3291.86],
[1106 , -3291.85],
[1107 , -3291.84],
[1108 , -3287.3],
[1109 , -3291.75],
[1110 , -3291.74],
[1111 , -3291.73],
[1112 , -3291.72],
[1113 , -3291.71],
[1114 , -3283.72],
[1115 , -3291.52],
[1116 , -3291.51],
[1117 , -3291.49],
[1118 , -3291.48],
[1119 , -3291.47],
[1120 , -3291.46],
[1121 , -3291.45],
[1122 , -3291.45],
[1123 , -3291.44],
[1124 , -3291.44],
[1125 , -3291.43],
[1126 , -3291.42],
[1127 , -3291.41],
[1128 , -3291.41],
[1129 , -3291.41],
[1130 , -3291.4],
[1131 , -3291.4],
[1132 , -3291.4],
[1133 , -3291.4],
[1134 , -3291.4],
[1135 , -3291.41],
[1136 , -3291.41],
[1137 , -3291.42],
[1138 , -3291.42],
[1139 , -3287.82],
[1140 , -3291.51],
[1141 , -3291.51],
[1142 , -3291.51],
[1143 , -3287.26],
[1144 , -3291.95],
[1145 , -3291.92],
[1146 , -3291.9],
[1147 , -3291.86],
[1148 , -3291.83],
[1149 , -3291.79],
[1150 , -3291.77],
[1151 , -3291.74],
[1152 , -3291.7],
[1153 , -3291.66],
[1154 , -3291.62],
[1155 , -3291.58],
[1156 , -3291.54],
[1157 , -3291.51],
[1158 , -3291.48],
[1159 , -3291.44],
[1160 , -3291.41],
[1161 , -3291.37],
[1162 , -3291.33],
[1163 , -3291.3],
[1164 , -3291.27],
[1165 , -3291.23],
[1166 , -3291.19],
[1167 , -3291.16],
[1168 , -3291.12],
[1169 , -3291.08],
[1170 , -3291.05],
[1171 , -3291.02],
[1172 , -3290.99],
[1173 , -3290.96],
[1174 , -3290.92],
[1175 , -3290.89],
[1176 , -3290.86],
[1177 , -3290.84],
[1178 , -3290.82],
[1179 , -3290.79],
[1180 , -3290.76],
[1181 , -3290.73],
[1182 , -3290.72],
[1183 , -3290.69],
[1184 , -3290.66],
[1185 , -3290.64],
[1186 , -3290.62],
[1187 , -3290.61],
[1188 , -3290.6],
[1189 , -3290.58],
[1190 , -3290.57],
[1191 , -3290.56],
[1192 , -3290.55],
[1193 , -3290.54],
[1194 , -3286.46],
[1195 , -3289.64],
[1196 , -3289.63],
[1197 , -3289.61],
[1198 , -3289.61],
[1199 , -3289.6],
[1200 , -3289.6],
[1201 , -3289.6],
[1202 , -3289.6],
[1203 , -3289.62],
[1204 , -3289.63],
[1205 , -3289.65],
[1206 , -3289.68],
[1207 , -3285.55],
[1208 , -3288.62],
[1209 , -3288.61],
[1210 , -3288.61],
[1211 , -3285.12],
[1212 , -3288.91],
[1213 , -3288.93],
[1214 , -3288.95],
[1215 , -3288.98],
[1216 , -3289],
[1217 , -3289.05],
[1218 , -3289.1],
[1219 , -3289.15],
[1220 , -3289.22],
[1221 , -3289.29],
[1222 , -3289.37],
[1223 , -3285.95],
[1224 , -3290.16],
[1225 , -3290.21],
[1226 , -3290.28],
[1227 , -3290.35],
[1228 , -3290.42],
[1229 , -3290.49],
[1230 , -3290.57],
[1231 , -3290.64],
[1232 , -3290.72],
[1233 , -3290.8],
[1234 , -3290.88],
[1235 , -3290.97],
[1236 , -3291.05],
[1237 , -3291.13],
[1238 , -3288.03],
[1239 , -3291.82],
[1240 , -3291.85],
[1241 , -3291.87],
[1242 , -3291.9],
[1243 , -3291.93],
[1244 , -3291.97],
[1245 , -3292],
[1246 , -3292.03],
[1247 , -3292.05],
[1248 , -3292.07],
[1249 , -3292.1],
[1250 , -3292.13],
[1251 , -3292.16],
[1252 , -3292.18],
[1253 , -3292.2],
[1254 , -3292.22],
[1255 , -3292.24],
[1256 , -3292.27],
[1257 , -3292.29],
[1258 , -3292.31],
[1259 , -3292.33],
[1260 , -3292.35],
[1261 , -3292.37],
[1262 , -3292.38],
[1263 , -3292.4],
[1264 , -3292.41],
[1265 , -3292.43],
[1266 , -3292.44],
[1267 , -3292.46],
[1268 , -3292.47],
[1269 , -3292.48],
[1270 , -3292.5],
[1271 , -3292.51],
[1272 , -3292.51],
[1273 , -3292.52],
[1274 , -3292.52],
[1275 , -3292.53],
[1276 , -3292.54],
[1277 , -3292.54],
[1278 , -3292.54],
[1279 , -3292.53],
[1280 , -3292.53],
[1281 , -3292.53],
[1282 , -3292.52],
[1283 , -3292.52],
[1284 , -3292.5],
[1285 , -3292.48],
[1286 , -3292.47],
[1287 , -3292.45],
[1288 , -3292.43],
[1289 , -3292.41],
[1290 , -3292.38],
[1291 , -3292.36],
[1292 , -3292.34],
[1293 , -3292.31],
[1294 , -3292.28],
[1295 , -3292.24],
[1296 , -3292.21],
[1297 , -3292.17],
[1298 , -3292.14],
[1299 , -3292.11],
[1300 , -3292.07],
[1301 , -3287.79],
[1302 , -3291.58],
[1303 , -3291.52],
[1304 , -3291.47],
[1305 , -3291.42],
[1306 , -3291.36],
[1307 , -3291.31],
[1308 , -3287.63],
[1309 , -3290.93],
[1310 , -3290.86],
[1311 , -3290.8],
[1312 , -3290.75],
[1313 , -3290.68],
[1314 , -3290.63],
[1315 , -3290.57],
[1316 , -3290.52],
[1317 , -3290.47],
[1318 , -3290.42],
[1319 , -3290.38],
[1320 , -3290.35],
[1321 , -3290.31],
[1322 , -3290.28],
[1323 , -3290.25],
[1324 , -3290.22],
[1325 , -3290.2],
[1326 , -3286.46],
[1327 , -3290.07],
[1328 , -3290.05],
[1329 , -3290.04],
[1330 , -3290.04],
[1331 , -3290.04],
[1332 , -3290.04],
[1333 , -3290.05],
[1334 , -3290.05],
[1335 , -3290.06],
[1336 , -3290.08],
[1337 , -3290.1],
[1338 , -3290.12],
[1339 , -3290.16],
[1340 , -3290.19],
[1341 , -3290.23],
[1342 , -3290.27],
[1343 , -3290.31],
[1344 , -3290.36],
[1345 , -3290.41],
[1346 , -3290.46],
[1347 , -3290.51],
[1348 , -3290.57],
[1349 , -3290.63],
[1350 , -3290.69],
[1351 , -3290.75],
[1352 , -3290.82],
[1353 , -3290.88],
[1354 , -3290.95],
[1355 , -3291.03],
[1356 , -3291.1],
[1357 , -3291.16],
[1358 , -3291.23],
[1359 , -3291.31],
[1360 , -3291.38],
[1361 , -3291.46],
[1362 , -3291.54],
[1363 , -3291.6],
[1364 , -3291.68],
[1365 , -3291.76],
[1366 , -3291.85],
[1367 , -3291.93],
[1368 , -3291.99],
[1369 , -3292.07],
[1370 , -3292.14],
[1371 , -3292.21],
[1372 , -3292.28],
[1373 , -3292.35],
[1374 , -3292.43],
[1375 , -3292.5],
[1376 , -3292.56],
[1377 , -3292.62],
[1378 , -3292.69],
[1379 , -3292.76],
[1380 , -3292.81],
[1381 , -3292.87],
[1382 , -3292.93],
[1383 , -3292.98],
[1384 , -3293.02],
[1385 , -3293.08],
[1386 , -3293.13],
[1387 , -3293.17],
[1388 , -3293.21],
[1389 , -3293.25],
[1390 , -3293.29],
[1391 , -3293.33],
[1392 , -3293.36],
[1393 , -3293.39],
[1394 , -3293.42],
[1395 , -3293.44],
[1396 , -3293.46],
[1397 , -3293.48],
[1398 , -3293.49],
[1399 , -3293.5],
[1400 , -3293.51],
[1401 , -3293.5],
[1402 , -3293.51],
[1403 , -3293.51],
[1404 , -3293.5],
[1405 , -3289.57],
[1406 , -3293.63],
[1407 , -3293.61],
[1408 , -3293.6],
[1409 , -3293.57],
[1410 , -3293.55],
[1411 , -3293.52],
[1412 , -3293.49],
[1413 , -3293.46],
[1414 , -3293.42],
[1415 , -3293.39],
[1416 , -3293.35],
[1417 , -3293.31],
[1418 , -3293.27],
[1419 , -3293.22],
[1420 , -3293.18],
[1421 , -3293.14],
[1422 , -3293.09],
[1423 , -3293.04],
[1424 , -3292.99],
[1425 , -3292.95],
[1426 , -3292.89],
[1427 , -3292.85],
[1428 , -3292.8],
[1429 , -3292.74],
[1430 , -3292.69],
[1431 , -3292.63],
[1432 , -3292.57],
[1433 , -3292.53],
[1434 , -3292.48],
[1435 , -3292.43],
[1436 , -3292.38],
[1437 , -3292.34],
[1438 , -3292.29],
[1439 , -3292.23],
[1440 , -3292.18],
[1441 , -3292.14],
[1442 , -3292.11],
[1443 , -3292.06],
[1444 , -3292.02],
[1445 , -3291.98],
[1446 , -3291.93],
[1447 , -3291.89],
[1448 , -3291.86],
[1449 , -3291.82],
[1450 , -3291.79],
[1451 , -3291.76],
[1452 , -3291.73],
[1453 , -3291.69],
[1454 , -3291.66],
[1455 , -3291.62],
[1456 , -3291.6],
[1457 , -3291.57],
[1458 , -3291.55],
[1459 , -3291.52],
[1460 , -3291.49],
[1461 , -3291.47],
[1462 , -3291.43],
[1463 , -3291.4],
[1464 , -3291.39],
[1465 , -3291.37],
[1466 , -3291.34],
[1467 , -3291.31],
[1468 , -3291.29],
[1469 , -3291.26],
[1470 , -3291.25],
[1471 , -3291.22],
[1472 , -3291.2],
[1473 , -3291.18],
[1474 , -3291.16],
[1475 , -3291.13],
[1476 , -3291.11],
[1477 , -3291.09],
[1478 , -3291.07],
[1479 , -3291.04],
[1480 , -3291.02],
[1481 , -3291],
[1482 , -3290.99],
[1483 , -3290.97],
[1484 , -3287.24],
[1485 , -3289.67],
[1486 , -3283.9],
[1487 , -3286.23],
[1488 , -3286.18],
[1489 , -3286.14],
[1490 , -3286.1],
[1491 , -3286.07],
[1492 , -3286.03],
[1493 , -3278.59],
[1494 , 2848.85],
[1495 , -3280.65],
[1496 , -3097.22],
[1497 , -3199.16],
[1498 , -2986.66],
[1499 , -3274.78],
[1500 , 4214.16],
[1501 , -3269.42],
[1502 , -3168.23],
[1503 , -2429.41],
[1504 , -428.068],
[1505 , -3160.21],
[1506 , -3234.59],
[1507 , -3196.43],
[1508 , -3197.24],
[1509 , -3136.24],
[1510 , -3096.54],
[1511 , -3155.15],
[1512 , -3184.63],
[1513 , -3180.24],
[1514 , -3171.71],
[1515 , -3143.56],
[1516 , -3086.67],
[1517 , -3087.36],
[1518 , -3149.96],
[1519 , -3198.38],
[1520 , -3202.56],
[1521 , -3176.39],
[1522 , -3147.21],
[1523 , -3147.28],
[1524 , -3172.79],
[1525 , -3182.91],
[1526 , -3140.32],
[1527 , -2999.52],
[1528 , -2807.43],
[1529 , 1133.7],
[1530 , -3042.39],
[1531 , -3021.37],
[1532 , -2785.82],
[1533 , -2868.01],
[1534 , -2839.83],
[1535 , -2081.21],
[1536 , -1736.12],
[1537 , -2690.69],
[1538 , -2929.45],
[1539 , -2991.94],
[1540 , -3051.83],
[1541 , -3064.62],
[1542 , -3033.93],
[1543 , -2993.54],
[1544 , -2912.32],
[1545 , -2894.59],
[1546 , -2953.54],
[1547 , -3031.88],
[1548 , -3083.89],
[1549 , -3107.12],
[1550 , -3112.08],
[1551 , -3116.15],
[1552 , -3102.04],
[1553 , -3082.31],
[1554 , -3063.47],
[1555 , -3036.28],
[1556 , -3007.7],
[1557 , -2984.52],
[1558 , -2973.45],
[1559 , -2974.88],
[1560 , -2981.16],
[1561 , -2982.49],
[1562 , -2974.06],
[1563 , -2970.1],
[1564 , -2911.22],
[1565 , -2910.08],
[1566 , -2925.47],
[1567 , -2992.11],
[1568 , -2995.28],
[1569 , -3001.7],
[1570 , -3002.25],
[1571 , -2992.56],
[1572 , -2905.51],
[1573 , -2912.04],
[1574 , -2921.89],
[1575 , -2929.81],
[1576 , -2934.19],
[1577 , -2936.3],
[1578 , -2938.6],
[1579 , -2943.24],
[1580 , -2951.12],
[1581 , -2956.4],
[1582 , -2969.54],
[1583 , -2977.32],
[1584 , -2980.46],
[1585 , -2978.71],
[1586 , -2972.36],
[1587 , -2963.39],
[1588 , -2954.18],
[1589 , -2946.88],
[1590 , -2942.72],
[1591 , -2937.77],
[1592 , -2883.01],
[1593 , -2882.78],
[1594 , 488.507],
[1595 , -2871.62],
[1596 , -2843.59],
[1597 , -2728.89],
[1598 , -2639.14],
[1599 , -2721.66],
[1600 , -2699.42],
[1601 , -2161.34],
[1602 , -1466.14],
[1603 , -2399.45],
[1604 , -2804.1],
[1605 , -2806.54],
[1606 , -2729.87],
[1607 , -2702.11],
[1608 , -2697.71],
[1609 , -2579.05],
[1610 , -2063.51],
[1611 , -2055.06],
[1612 , -2550.93],
[1613 , -2671.58],
[1614 , -2561.56],
[1615 , -2166.21],
[1616 , -1559.61],
[1617 , -2115.1],
[1618 , -2517.78],
[1619 , -2544.52],
[1620 , -2521.73],
[1621 , -2446.68],
[1622 , -2338.32],
[1623 , -2322.98],
[1624 , -2380.69],
[1625 , -2401.57],
[1626 , -2370.58],
[1627 , -2364.2],
[1628 , -2292.39],
[1629 , -2167.58],
[1630 , -2172.35],
[1631 , -2257.45],
[1632 , -2275.26],
[1633 , -2256.06],
[1634 , -2247.96],
[1635 , -2373.13],
[1636 , 995.391],
[1637 , -2257.34],
[1638 , -2385.06],
[1639 , -2457.67],
[1640 , -2457.22],
[1641 , -2381.65],
[1642 , -2343.5],
[1643 , -2422.72],
[1644 , 2194.91],
[1645 , -2326.51],
[1646 , -1179.59],
[1647 , 535.408],
[1648 , -1357.74],
[1649 , -1773.18],
[1650 , -1649.66],
[1651 , -242.972],
[1652 , -1250.4],
[1653 , -1167.71],
[1654 , -1191.18],
[1655 , -1518.07],
[1656 , -1730.03],
[1657 , -1490.27],
[1658 , -816.892],
[1659 , -1214.51],
[1660 , -1779.61],
[1661 , -1953.48],
[1662 , -1903.76],
[1663 , -1724],
[1664 , 354.506],
[1665 , -1371.16],
[1666 , -1260.24],
[1667 , -1036.97],
[1668 , -1040],
[1669 , -1576.72],
[1670 , -1753.47],
[1671 , -1054.21],
[1672 , -1497.9],
[1673 , -1562.18],
[1674 , -1527.93],
[1675 , -1507.01],
[1676 , -1525.24],
[1677 , -1508.21],
[1678 , -1407.15],
[1679 , -1371.83],
[1680 , -1473.03],
[1681 , -1464.5],
[1682 , -1478.44],
[1683 , -1477.71],
[1684 , -1492.84],
[1685 , -1285.31],
[1686 , -1403.05],
[1687 , -1575.91],
[1688 , -1665.29],
[1689 , -1694.32],
[1690 , -1660.17],
[1691 , -1558.61],
[1692 , -1342.25],
[1693 , -1129.78],
[1694 , -1064.84],
[1695 , -1220.48],
[1696 , -1369.4],
[1697 , -1416.26],
[1698 , -1483.66],
[1699 , -1520.74],
[1700 , -1546.03],
[1701 , -1521.53],
[1702 , -1490.98],
[1703 , -1471.18],
[1704 , -1398.81],
[1705 , -1204.82],
[1706 , -1183.36],
[1707 , -1069.66],
[1708 , -1099.82],
[1709 , -1158.28],
[1710 , -518.557],
[1711 , -1154.26],
[1712 , -960.703],
[1713 , -990.008],
[1714 , -1142.34],
[1715 , -1263.95],
[1716 , -1291.03],
[1717 , -1316.14],
[1718 , -1346.51],
[1719 , -1382.52],
[1720 , -1417.09],
[1721 , -1459.13],
[1722 , -1139.75],
[1723 , -1184.12],
[1724 , -1289.67],
[1725 , -1344.96],
[1726 , -1172.47],
[1727 , -1223.95],
[1728 , -1449.7],
[1729 , -1437.33],
[1730 , -1488.54],
[1731 , -1547.37],
[1732 , -1620.47],
[1733 , -1539.58],
[1734 , -1584.69],
[1735 , -1542.54],
[1736 , -1367.61],
[1737 , -1580.63],
[1738 , -1588.18],
[1739 , -1501.31],
[1740 , -1557.57],
[1741 , -1629.76],
[1742 , -1646.33],
[1743 , -1638.24],
[1744 , -1650.85],
[1745 , -1644.59],
[1746 , -1638.52],
[1747 , -1169.3],
[1748 , -1646.48],
[1749 , -712.742],
[1750 , -1474.38],
[1751 , -1236.33],
[1752 , -1471.79],
[1753 , -930.643],
[1754 , -1128.86],
[1755 , -1469.58],
[1756 , -1416.03],
[1757 , -1526.29],
[1758 , -1551.16],
[1759 , -1026.88],
[1760 , -1173.82],
[1761 , -1370.82],
[1762 , -1599.16],
[1763 , -1603.73],
[1764 , -1584.21],
[1765 , -1570.97],
[1766 , 2000.14],
[1767 , -1503.54],
[1768 , -1519.48],
[1769 , -1522.87],
[1770 , -1534.74],
[1771 , -1535.07],
[1772 , -1501.68],
[1773 , -1487.38],
[1774 , -1524.62],
[1775 , -1177.9],
[1776 , 237.428],
[1777 , -1144.33],
[1778 , -1598.63],
[1779 , -1662.98],
[1780 , -1653.47],
[1781 , -1621.17],
[1782 , -1546.1],
[1783 , -1505.71],
[1784 , -1455.42],
[1785 , -1419.79],
[1786 , -1477.29],
[1787 , -1222.11],
[1788 , -1584.99],
[1789 , -1599.96],
[1790 , -1580.89],
[1791 , -1417.15],
[1792 , -883.402],
[1793 , -1175.51],
[1794 , -1404.3],
[1795 , 1051.02],
[1796 , -1159.7],
[1797 , -1394.01],
[1798 , -1438.61],
[1799 , -1450.7],
[1800 , -1484.03],
[1801 , -1436.72],
[1802 , -1404.22],
[1803 , -1325.17],
[1804 , -1358.83],
[1805 , -1510.68],
[1806 , -1576.1],
[1807 , -1514.82],
[1808 , -1049.54],
[1809 , -458.292],
[1810 , -739.764],
[1811 , -1435.91],
[1812 , -1159.94],
[1813 , -1132.09],
[1814 , -1041.83],
[1815 , -871.243],
[1816 , -933.042],
[1817 , -1072.9],
[1818 , -1176.39],
[1819 , -1086.71],
[1820 , -943.788],
[1821 , -1005.34],
[1822 , -1221.78],
[1823 , -1278.52],
[1824 , -1237.13],
[1825 , -1297.04],
[1826 , -1393.65],
[1827 , -1475.51],
[1828 , -1502.12],
[1829 , -1462.05],
[1830 , -1329.11],
[1831 , -1135.59],
[1832 , -1057.92],
[1833 , -927.395],
[1834 , -1029.65],
[1835 , -1176.8],
[1836 , -1243.55],
[1837 , -1223.83],
[1838 , -1255.16],
[1839 , -1349.32],
[1840 , -1412.09],
[1841 , -1444.71],
[1842 , -1441.6],
[1843 , -1455.85],
[1844 , -1398.79],
[1845 , -1088.12],
[1846 , -1209.56],
[1847 , -1311.79],
[1848 , -1333.54],
[1849 , -1304.68],
[1850 , -1152.46],
[1851 , -1039.51],
[1852 , -1220.68],
[1853 , -1041.53],
[1854 , -1024.23],
[1855 , -1057.96],
[1856 , -1086.06],
[1857 , -1185.41],
[1858 , -1195.45],
[1859 , -969.574],
[1860 , -1119.23],
[1861 , -1240.81],
[1862 , -1292.46],
[1863 , -1312.78],
[1864 , -1342.66],
[1865 , -1449.54],
[1866 , -1017.91],
[1867 , -1193.16],
[1868 , -1346.77],
[1869 , -1428.22],
[1870 , -1391.62],
[1871 , -1411],
[1872 , -1111.68],
[1873 , -1476.85],
[1874 , -1393.55],
[1875 , -1483.46],
[1876 , -1536.36],
[1877 , -1554.05],
[1878 , -1464.99],
[1879 , -1462.21],
[1880 , -1453.17],
[1881 , -1451.76],
[1882 , -1183.49],
[1883 , -1220.17],
[1884 , -1383.03],
[1885 , -1372.22],
[1886 , -1115.49],
[1887 , -1370.88],
[1888 , -1365.9],
[1889 , -1357.94],
[1890 , -1412.95],
[1891 , -1411.75],
[1892 , -1407.42],
[1893 , -1170.36],
[1894 , -1196.61],
[1895 , -733.972],
[1896 , -1046.33],
[1897 , -1303.56],
[1898 , -1296.82],
[1899 , -1314.6],
[1900 , -180.814],
[1901 , -1278.42],
[1902 , -1281.1],
[1903 , -1280.47],
[1904 , -1257.53],
[1905 , -1067.89],
[1906 , -1048.19],
[1907 , -1061.4],
[1908 , -1086.28],
[1909 , -1108.75],
[1910 , -1120.53],
[1911 , -1152.59],
[1912 , -1216.93],
[1913 , -1260.11],
[1914 , -1283.61],
[1915 , -1257.2],
[1916 , 1048.59],
[1917 , -1191.36],
[1918 , -1258.37],
[1919 , -1167.88],
[1920 , -1236.71],
[1921 , -1267.83],
[1922 , -1314.66],
[1923 , -1312.68],
[1924 , -1281.61],
[1925 , -1245.32],
[1926 , -1240.34],
[1927 , -1150.26],
[1928 , -1022.33],
[1929 , -148.906],
[1930 , -1044.55],
[1931 , -1089.57],
[1932 , -1102.32],
[1933 , -1117.68],
[1934 , -1108.77],
[1935 , -1087.95],
[1936 , -1042.4],
[1937 , -976.834],
[1938 , -994.311],
[1939 , -1066.34],
[1940 , -1117.79],
[1941 , -1100.43],
[1942 , -1081.02],
[1943 , -964.449],
[1944 , -923.492],
[1945 , -960.411],
[1946 , -1042.24],
[1947 , -1103.36],
[1948 , -1102.78],
[1949 , -1100.84],
[1950 , -1070.02],
[1951 , -1034.17],
[1952 , -1034.7],
[1953 , -1055.58],
[1954 , -1081.3],
[1955 , -1086.01],
[1956 , -1119.64],
[1957 , -1134.38],
[1958 , -1159.1],
[1959 , -1071.4],
[1960 , -1201.38],
[1961 , -1067.95],
[1962 , -1058.88],
[1963 , -1056.13],
[1964 , -1132.19],
[1965 , -468.138],
[1966 , -871.668],
[1967 , -1049.7],
[1968 , -965.069],
[1969 , -866.243],
[1970 , -955.539],
[1971 , -1075.14],
[1972 , -1097.59],
[1973 , -1071.21],
[1974 , -1043.59],
[1975 , -1031.15],
[1976 , -995.954],
[1977 , -939.523],
[1978 , -878.688],
[1979 , -733.228],
[1980 , -443.169],
[1981 , -295.834],
[1982 , -468.695],
[1983 , -766.685],
[1984 , -950.275],
[1985 , -958.716],
[1986 , -884.28],
[1987 , -643.175],
[1988 , -517.894],
[1989 , -630.39],
[1990 , -761.441],
[1991 , -776.824],
[1992 , -763.744],
[1993 , -763.488],
[1994 , -937.995],
[1995 , -644.749],
[1996 , -650.671],
[1997 , -679.102],
[1998 , -754.511],
[1999 , -763.591],
[2000 , -829.683],
[2001 , -794.474],
[2002 , -826.666],
[2003 , -834.919],
[2004 , -843.902],
[2005 , -846.372],
[2006 , -826.993],
[2007 , -832.107],
[2008 , -857.537],
[2009 , -895.106],
[2010 , -927.576],
[2011 , -963.372],
[2012 , -970.259],
[2013 , -962.989],
[2014 , -960.259],
[2015 , -947.869],
[2016 , -936.531],
[2017 , -961.12],
[2018 , -952.478],
[2019 , -947.831],
[2020 , -924.282],
[2021 , -868.805],
[2022 , -531.05],
[2023 , -785.753],
[2024 , -697.425],
[2025 , -814.898],
[2026 , -808.448],
[2027 , -849.011],
[2028 , -680.066],
[2029 , -732.555],
[2030 , -785.227],
[2031 , -825.431],
[2032 , -830.106],
[2033 , -766.921],
[2034 , -749.588],
[2035 , -777.284],
[2036 , -777.484],
[2037 , -822.82],
[2038 , -812.514],
[2039 , -801.585],
[2040 , -795.962],
[2041 , -778.994],
[2042 , -767.974],
[2043 , -738.42],
[2044 , -751.08],
[2045 , -773.54],
[2046 , -794.979],
[2047 , -835.342],
[2048 , -850.048],
[2049 , -846.707],
[2050 , -816.887],
[2051 , -780.264],
[2052 , -726.191],
[2053 , -748.163],
[2054 , -761.269],
[2055 , -715.141],
[2056 , -636.885],
[2057 , -633.606],
[2058 , -619.255],
[2059 , -681.548],
[2060 , -707.561],
[2061 , -736.706],
[2062 , -769.775],
[2063 , -794.298],
[2064 , -775.927],
[2065 , -781.81],
[2066 , -742.971],
[2067 , -730.295],
[2068 , -623.658],
[2069 , -551.861],
[2070 , -475.513],
[2071 , -481.135],
[2072 , -547.232],
[2073 , -634.821],
[2074 , -698.994],
[2075 , -738.685],
[2076 , -763.338],
[2077 , -776.42],
[2078 , -776.168],
[2079 , -773.497],
[2080 , -785.308],
[2081 , -778.605],
[2082 , -705.559],
[2083 , -772.041],
[2084 , -708.546],
[2085 , -689.476],
[2086 , -721.989],
[2087 , -677.804],
[2088 , -685.141],
[2089 , -701.246],
[2090 , -727.08],
[2091 , -757.47],
[2092 , -757.875],
[2093 , -762.369],
[2094 , -756.36],
[2095 , -754.871],
[2096 , -729.075],
[2097 , -676.016],
[2098 , -637.833],
[2099 , -600.061],
[2100 , -625.955],
[2101 , -670.198],
[2102 , -687.844],
[2103 , -707.847],
[2104 , -708.932],
[2105 , -700.234],
[2106 , -689.376],
[2107 , -681.871],
[2108 , -535.065],
[2109 , -661.104],
[2110 , -573.133],
[2111 , -595.051],
[2112 , -639.115],
[2113 , -663.804],
[2114 , -676.346],
[2115 , -689.765],
[2116 , -695.138],
[2117 , -691.813],
[2118 , -696.643],
[2119 , -595.7],
[2120 , -620.527],
[2121 , -652.357],
[2122 , -680.764],
[2123 , -701.834],
[2124 , -712.63],
[2125 , -461.293],
[2126 , -439.115],
[2127 , -726.66],
[2128 , -589.931],
[2129 , -656.352],
[2130 , -595.232],
[2131 , -621.957],
[2132 , -648.562],
[2133 , -671.261],
[2134 , -687.68],
[2135 , -704.681],
[2136 , -714.929],
[2137 , -715.779],
[2138 , -713.79],
[2139 , -706.574],
[2140 , -685.099],
[2141 , -686.392],
[2142 , -521.358],
[2143 , -671.114],
[2144 , -660.57],
[2145 , -655.33],
[2146 , -641.355],
[2147 , -633.353],
[2148 , -618.977],
[2149 , -615.326],
[2150 , -626.258],
[2151 , -645.292],
[2152 , -605.353],
[2153 , -594.28],
[2154 , -602.665],
[2155 , -593.167],
[2156 , -600.542],
[2157 , -596.223],
[2158 , -595.969],
[2159 , -588.176],
[2160 , -600.205],
[2161 , -589.148],
[2162 , -567.832],
[2163 , -516.56],
[2164 , -511.673],
[2165 , -406.954],
[2166 , -412.819],
[2167 , -437.548],
[2168 , -480.137],
[2169 , -507.494],
[2170 , -512.377],
[2171 , -531.552],
[2172 , -528.172],
[2173 , -549.685],
[2174 , -543.776],
[2175 , -540.739],
[2176 , -546.477],
[2177 , -550.967],
[2178 , -531.803],
[2179 , -539.063],
[2180 , -479.306],
[2181 , -476.362],
[2182 , -479.877],
[2183 , -517.561],
[2184 , -517.371],
[2185 , -503.531],
[2186 , -508.245],
[2187 , -509.945],
[2188 , -508.025],
[2189 , -517.999],
[2190 , -550.923],
[2191 , -516.914],
[2192 , -513.917],
[2193 , -535.115],
[2194 , -538.571],
[2195 , -535.174],
[2196 , -536.23],
[2197 , -525.06],
[2198 , 807.278],
[2199 , -518.63],
[2200 , -511.255],
[2201 , -497.092],
[2202 , -486.883],
[2203 , -485.398],
[2204 , -483.84],
[2205 , -485.283],
[2206 , -485.67],
[2207 , -485.817],
[2208 , -484.12],
[2209 , -483.63],
[2210 , -466.313],
[2211 , -474.701],
[2212 , -463.115],
[2213 , -466.325],
[2214 , -450.897],
[2215 , -441.575],
[2216 , -428.463],
[2217 , -398.49],
[2218 , -355.521],
[2219 , -277.73],
[2220 , -176.071],
[2221 , -156.781],
[2222 , -237.036],
[2223 , -433.012],
[2224 , -373.154],
[2225 , -416.105],
[2226 , -440.987],
[2227 , -445.092],
[2228 , -442.108],
[2229 , -449.519],
[2230 , -438.714],
[2231 , -442.474],
[2232 , -433.664],
[2233 , -420.803],
[2234 , -420.203],
[2235 , -422.619],
[2236 , -421.229],
[2237 , -415.466],
[2238 , -419.444],
[2239 , -417.641],
[2240 , -421.737],
[2241 , -418.582],
[2242 , -420.698],
[2243 , -423.346],
[2244 , -425.714],
[2245 , -428.372],
[2246 , -413.667],
[2247 , -424.796],
[2248 , -430.364],
[2249 , -431.806],
[2250 , -428.14],
[2251 , -428.015],
[2252 , -429.767],
[2253 , -429.145],
[2254 , -421.524],
[2255 , -424.206],
[2256 , -420.608],
[2257 , -416.248],
[2258 , -409.667],
[2259 , -402.364],
[2260 , -402.952],
[2261 , -392.152],
[2262 , -396.326],
[2263 , -386.769],
[2264 , -392.175],
[2265 , -393.094],
[2266 , -389.433],
[2267 , -393.464],
[2268 , -389.638],
[2269 , -393.484],
[2270 , -388.22],
[2271 , -391.505],
[2272 , -389.923],
[2273 , -386.756],
[2274 , -378.244],
[2275 , -369.504],
[2276 , -358.467],
[2277 , -363.395],
[2278 , -370.794],
[2279 , -366.505],
[2280 , -377.116],
[2281 , -385.777],
[2282 , -391.346],
[2283 , -391.412],
[2284 , -399.522],
[2285 , -398.284],
[2286 , -389.517],
[2287 , -397.175],
[2288 , -393.518],
[2289 , -385.34],
[2290 , -384.97],
[2291 , -382.426],
[2292 , -375.677],
[2293 , -366.513],
[2294 , -354.38],
[2295 , -339.653],
[2296 , -323.205],
[2297 , -344.5],
[2298 , -269.19],
[2299 , -263.018],
[2300 , -260.995],
[2301 , -268.159],
[2302 , -274.39],
[2303 , -287.683],
[2304 , -298.012],
[2305 , -304.653],
[2306 , -316.12],
[2307 , -311.05],
[2308 , -319.809],
[2309 , -321.234],
[2310 , -326.363],
[2311 , -324.902],
[2312 , -327.065],
[2313 , -323.141],
[2314 , -322.92],
[2315 , -320.103],
[2316 , -306.454],
[2317 , -302.477],
[2318 , -300.15],
[2319 , -297.357],
[2320 , -291.104],
[2321 , -290.098],
[2322 , -289.107],
[2323 , -281.12],
[2324 , -281.897],
[2325 , -281.458],
[2326 , -284.988],
[2327 , -285.739],
[2328 , -287.347],
[2329 , -288.821],
[2330 , -287.355],
[2331 , -290.015],
[2332 , -287.179],
[2333 , -290.764],
[2334 , -293.244],
[2335 , -294.308],
[2336 , -283.319],
[2337 , -286.706],
[2338 , -288.296],
[2339 , -286.705],
[2340 , -284.619],
[2341 , -282.375],
[2342 , -275.734],
[2343 , -274.795],
[2344 , -274.853],
[2345 , -276.134],
[2346 , -278.416],
[2347 , -281.24],
[2348 , -284.193],
[2349 , -278.064],
[2350 , -284.694],
[2351 , -286.406],
[2352 , -274.055],
[2353 , -279.811],
[2354 , -280.073],
[2355 , -280.22],
[2356 , -280.308],
[2357 , -279.693],
[2358 , -275.937],
[2359 , -272.735],
[2360 , -274.183],
[2361 , -274.138],
[2362 , -268.263],
[2363 , -259.258],
[2364 , -257.522],
[2365 , -260.643],
[2366 , -260.311],
[2367 , -249.719],
[2368 , 3746.45],
[2369 , -246.347],
[2370 , -257.884],
[2371 , -254.234],
[2372 , -247.055],
[2373 , -252.253],
[2374 , -253.792],
[2375 , -248.141],
[2376 , -243.731],
[2377 , -246.186],
[2378 , -244.72],
[2379 , -235.01],
[2380 , -227.791],
[2381 , -235.243],
[2382 , -235.083],
[2383 , -230.948],
[2384 , -232.814],
[2385 , -234.854],
[2386 , -231.644],
[2387 , -238.504],
[2388 , -225.551],
[2389 , -230.236],
[2390 , -229.723],
[2391 , -228.767],
[2392 , -227.352],
[2393 , -227.767],
[2394 , -225.643],
[2395 , -225.128],
[2396 , -226.203],
[2397 , -222.833],
[2398 , -226.061],
[2399 , -223.478],
[2400 , -224.244],
[2401 , -223.941],
[2402 , -223.57],
[2403 , -222.696],
[2404 , -223.801],
[2405 , -222.212],
[2406 , -224.284],
[2407 , -224.839],
[2408 , -225.458],
[2409 , -219.714],
[2410 , -225.429],
[2411 , -225.76],
[2412 , -227.885],
[2413 , -228.03],
[2414 , -226.611],
[2415 , -223.326],
[2416 , -232.285],
[2417 , -233.476],
[2418 , -229.657],
[2419 , -235.272],
[2420 , -232.043],
[2421 , -236.105],
[2422 , -236.463],
[2423 , -236.729],
[2424 , -232.38],
[2425 , -235.054],
[2426 , -234.368],
[2427 , -233.647],
[2428 , -232.621],
[2429 , -226.585],
[2430 , -230.374],
[2431 , -228.285],
[2432 , -226.002],
[2433 , -223.516],
[2434 , -220.233],
[2435 , -206.435],
[2436 , -210.313],
[2437 , -208.205],
[2438 , -206.501],
[2439 , -201.237],
[2440 , -206.71],
[2441 , -206.356],
[2442 , -205.951],
[2443 , -205.814],
[2444 , -205.824],
[2445 , -200.749],
[2446 , -201.431],
[2447 , -204.852],
[2448 , -200.32],
[2449 , -203.373],
[2450 , -203.313],
[2451 , -203.08],
[2452 , -199.56],
[2453 , -200.984],
[2454 , -200.284],
[2455 , -194.842],
[2456 , -196.206],
[2457 , -195.836],
[2458 , -189.661],
[2459 , -190.265],
[2460 , -182.488],
[2461 , -183.514],
[2462 , -182.822],
[2463 , -182.299],
[2464 , -185.475],
[2465 , -181.765],
[2466 , -167.568],
[2467 , -175.958],
[2468 , -176.274],
[2469 , -175.188],
[2470 , -170.484],
[2471 , -174.759],
[2472 , -165.121],
[2473 , -165.767],
[2474 , -166.981],
[2475 , -168.63],
[2476 , -167.185],
[2477 , -172.499],
[2478 , -174.332],
[2479 , -175.927],
[2480 , -176.125],
[2481 , -177.687],
[2482 , -175.988],
[2483 , -176.336],
[2484 , -176.34],
[2485 , -176.249],
[2486 , -171.303],
[2487 , -175.72],
[2488 , -162.381],
[2489 , -169.511],
[2490 , -168.987],
[2491 , -168.457],
[2492 , -167.895],
[2493 , -167.284],
[2494 , -165.781],
[2495 , -161.379],
[2496 , 2100.82],
[2497 , -164.853],
[2498 , -164.266],
[2499 , -163.704],
[2500 , -163.117],
[2501 , -159.282],
[2502 , -155.573],
[2503 , -154.102],
[2504 , -155.928],
[2505 , -150.116],
[2506 , -149.595],
[2507 , -149.398],
[2508 , -149.558],
[2509 , -150.133],
[2510 , -150.721],
[2511 , -151.435],
[2512 , -149.986],
[2513 , -147.826],
[2514 , -148.75],
[2515 , -149.432],
[2516 , -149.967],
[2517 , -150.235],
[2518 , -150.413],
[2519 , -150.506],
[2520 , -148.644],
[2521 , -149.603],
[2522 , -148.511],
[2523 , -148.57],
[2524 , -148.002],
[2525 , -147.859],
[2526 , -150.398],
[2527 , -150.069],
[2528 , -145.54],
[2529 , -149.808],
[2530 , -149.82],
[2531 , -149.858],
[2532 , -149.88],
[2533 , -150.132],
[2534 , -150.352],
[2535 , -150.595],
[2536 , -150.782],
[2537 , -149.871],
[2538 , -149.206],
[2539 , -146.811],
[2540 , -137.241],
[2541 , -142.639],
[2542 , -142.493],
[2543 , -145.483],
[2544 , -148.887],
[2545 , -150.53],
[2546 , -150.429],
[2547 , -149.302],
[2548 , -146.11],
[2549 , -144.759],
[2550 , -141.254],
[2551 , -136.711],
[2552 , -131.456],
[2553 , -122.246],
[2554 , -121.167],
[2555 , -119.893],
[2556 , -115.934],
[2557 , -124.494],
[2558 , -126.815],
[2559 , -135.746],
[2560 , -140.967],
[2561 , -144.766],
[2562 , -147.045],
[2563 , -148.046],
[2564 , -144.432],
[2565 , -143.435],
[2566 , -143.062],
[2567 , -142.406],
[2568 , -141.783],
[2569 , -141.666],
[2570 , -141.888],
[2571 , -142.425],
[2572 , -142.094],
[2573 , -138.8],
[2574 , -137.72],
[2575 , -142.284],
[2576 , -143.141],
[2577 , -143.908],
[2578 , -140.513],
[2579 , -144.465],
[2580 , -144.343],
[2581 , -138.253],
[2582 , -138.652],
[2583 , -137.072],
[2584 , -134.979],
[2585 , -132.459],
[2586 , -124.241],
[2587 , -121.468],
[2588 , -119.028],
[2589 , -117.145],
[2590 , -116.224],
[2591 , -116.208],
[2592 , -116.97],
[2593 , -113.736],
[2594 , -118.008],
[2595 , -118.212],
[2596 , -119.573],
[2597 , -120.023],
[2598 , -120.028],
[2599 , -119.67],
[2600 , -119.093],
[2601 , -118.402],
[2602 , -117.764],
[2603 , -117.294],
[2604 , -117.064],
[2605 , -117.105],
[2606 , -117.433],
[2607 , -117.945],
[2608 , -118.575],
[2609 , -116.147],
[2610 , -119.904],
[2611 , -114.901],
[2612 , -120.513],
[2613 , -117.671],
[2614 , -117.94],
[2615 , -113.647],
[2616 , -115.22],
[2617 , -110.968],
[2618 , -113.26],
[2619 , -113.091],
[2620 , -112.855],
[2621 , -112.619],
[2622 , -112.446],
[2623 , -99.7434],
[2624 , -109.807],
[2625 , -109.77],
[2626 , -109.799],
[2627 , -109.986],
[2628 , -110.139],
[2629 , -110.308],
[2630 , -110.504],
[2631 , -110.701],
[2632 , -110.876],
[2633 , -106.442],
[2634 , -107.76],
[2635 , -107.041],
[2636 , -110.554],
[2637 , -108.827],
[2638 , -110.458],
[2639 , -110.308],
[2640 , -110.123],
[2641 , -109.874],
[2642 , -109.55],
[2643 , -109.133],
[2644 , -108.595],
[2645 , -107.899],
[2646 , -99.5307],
[2647 , -103.084],
[2648 , -101.668],
[2649 , -99.9501],
[2650 , -97.7125],
[2651 , -94.9959],
[2652 , -91.7636],
[2653 , -88.1013],
[2654 , -84.2238],
[2655 , -79.2604],
[2656 , -77.2045],
[2657 , -74.8971],
[2658 , -73.8391],
[2659 , -74.1251],
[2660 , -75.6159],
[2661 , -78.0777],
[2662 , -80.8468],
[2663 , -83.7288],
[2664 , -86.2918],
[2665 , -88.5762],
[2666 , -90.4069],
[2667 , -91.8179],
[2668 , -92.7485],
[2669 , -86.2405],
[2670 , -88.7717],
[2671 , -93.0802],
[2672 , -93.0257],
[2673 , -92.9743],
[2674 , -92.9116],
[2675 , -92.8187],
[2676 , -90.1741],
[2677 , -92.4381],
[2678 , -90.9352],
[2679 , -91.6873],
[2680 , -90.9669],
[2681 , -89.9952],
[2682 , -88.7332],
[2683 , -87.1522],
[2684 , -85.1351],
[2685 , -82.8979],
[2686 , -80.3642],
[2687 , -77.5872],
[2688 , -73.8086],
[2689 , -71.7285],
[2690 , -69.0958],
[2691 , -66.8279],
[2692 , -62.0545],
[2693 , -64.8192],
[2694 , -65.4959],
[2695 , -65.6938],
[2696 , -70.0548],
[2697 , -73.3583],
[2698 , -76.8279],
[2699 , -80.1168],
[2700 , -79.943],
[2701 , -82.293],
[2702 , -84.0674],
[2703 , -85.5013],
[2704 , -81.6202],
[2705 , -82.0448],
[2706 , -84.8541],
[2707 , -84.8519],
[2708 , -84.758],
[2709 , -84.5047],
[2710 , -79.812],
[2711 , -83.1624],
[2712 , -82.922],
[2713 , -82.6789],
[2714 , -82.459],
[2715 , -82.2648],
[2716 , -82.1072],
[2717 , -81.8682],
[2718 , -80.6858],
[2719 , -80.8113],
[2720 , -80.7359],
[2721 , -80.6807],
[2722 , -80.6453],
[2723 , -80.1199],
[2724 , -75.4718],
[2725 , -75.6554],
[2726 , -75.705],
[2727 , -75.7737],
[2728 , -75.8551],
[2729 , -74.9677],
[2730 , -75.0805],
[2731 , -75.206],
[2732 , -75.3215],
[2733 , -75.4665],
[2734 , -75.6171],
[2735 , -75.7708],
[2736 , -75.9251],
[2737 , -74.7185],
[2738 , -74.8627],
[2739 , -75.1094],
[2740 , -75.1731],
[2741 , -75.3026],
[2742 , -75.3264],
[2743 , -75.4339],
[2744 , -74.9596],
[2745 , -75.0314],
[2746 , -75.096],
[2747 , -75.0299],
[2748 , -75.0547],
[2749 , -75.0323],
[2750 , -75.0012],
[2751 , -74.8202],
[2752 , -67.5374],
[2753 , -72.3968],
[2754 , -72.34],
[2755 , -72.2507],
[2756 , -67.277],
[2757 , -68.9804],
[2758 , -68.9067],
[2759 , -68.8701],
[2760 , -67.5437],
[2761 , -66.8692],
[2762 , -66.9207],
[2763 , -67.0445],
[2764 , -67.2576],
[2765 , -67.6729],
[2766 , -68.1142],
[2767 , -68.6534],
[2768 , -69.2946],
[2769 , -70.0228],
[2770 , -70.8169],
[2771 , -71.6521],
[2772 , -72.4591],
[2773 , -73.2994],
[2774 , -74.1538],
[2775 , -74.8972],
[2776 , -75.5632],
[2777 , -71.3997],
[2778 , -78.4601],
[2779 , -78.6489],
[2780 , -79.1539],
[2781 , -79.3388],
[2782 , -79.4167],
[2783 , -79.3899],
[2784 , -79.2617],
[2785 , -78.8518],
[2786 , -78.535],
[2787 , -78.2291],
[2788 , -77.7441],
[2789 , -77.1835],
[2790 , -76.5577],
[2791 , -75.8809],
[2792 , -71.5715],
[2793 , -73.2484],
[2794 , -72.5525],
[2795 , -71.9198],
[2796 , -71.4868],
[2797 , -71.1133],
[2798 , -70.9306],
[2799 , -70.9726],
[2800 , -71.2991],
[2801 , -71.8384],
[2802 , -72.6218],
[2803 , -73.6161],
[2804 , -73.3538],
[2805 , -76.41],
[2806 , -77.753],
[2807 , -79.005],
[2808 , -78.1069],
[2809 , -81.319],
[2810 , -76.2174],
[2811 , -82.4891],
[2812 , -83.3448],
[2813 , -84.0571],
[2814 , -84.4463],
[2815 , -84.0924],
[2816 , -85.2265],
[2817 , -85.4607],
[2818 , -85.5987],
[2819 , -85.6607],
[2820 , -85.6598],
[2821 , -85.6081],
[2822 , -80.8248],
[2823 , -81.6364],
[2824 , -81.4326],
[2825 , -81.2142],
[2826 , -80.9877],
[2827 , -80.6422],
[2828 , -80.4159],
[2829 , -80.1878],
[2830 , -79.9754],
[2831 , -79.7741],
[2832 , -76.214],
[2833 , -76.177],
[2834 , -76.1546],
[2835 , -76.1484],
[2836 , -76.1598],
[2837 , -76.1917],
[2838 , -72.6493],
[2839 , -75.5477],
[2840 , -75.636],
[2841 , -75.7544],
[2842 , -71.2851],
[2843 , -71.6219],
[2844 , -71.7865],
[2845 , -71.5244],
[2846 , -71.8688],
[2847 , -72.059],
[2848 , -72.2503],
[2849 , -72.4401],
[2850 , -72.6267],
[2851 , -72.8101],
[2852 , -72.992],
[2853 , -73.1809],
[2854 , -73.3727],
[2855 , -73.5743],
[2856 , -73.8],
[2857 , -74.0508],
[2858 , -74.4256],
[2859 , -74.7299],
[2860 , -75.1662],
[2861 , -75.5326],
[2862 , -75.8397],
[2863 , -76.0719],
[2864 , -76.2439],
[2865 , -76.2878],
[2866 , -76.1687],
[2867 , -75.8477],
[2868 , -72.7105],
[2869 , -72.112],
[2870 , -71.1204],
[2871 , -69.9512],
[2872 , -68.4959],
[2873 , -67.2303],
[2874 , -57.8756],
[2875 , -61.5226],
[2876 , -52.3923],
[2877 , -57.0795],
[2878 , -54.5972],
[2879 , -57.8248],
[2880 , -58.5871],
[2881 , -59.4622],
[2882 , -60.3396],
[2883 , -61.1288],
[2884 , -61.8629],
[2885 , -62.319],
[2886 , -62.578],
[2887 , -62.8431],
[2888 , -62.7596],
[2889 , -62.5413],
[2890 , -62.2203],
[2891 , -61.831],
[2892 , -61.408],
[2893 , -56.5178],
[2894 , -56.2818],
[2895 , -55.8649],
[2896 , -55.545],
[2897 , -55.341],
[2898 , -55.2616],
[2899 , -55.3039],
[2900 , -55.4535],
[2901 , -55.2842],
[2902 , -47.4558],
[2903 , -52.1913],
[2904 , -52.4708],
[2905 , -52.7085],
[2906 , -52.8807],
[2907 , -52.9702],
[2908 , -52.9662],
[2909 , -52.856],
[2910 , -52.6566],
[2911 , -52.4027],
[2912 , -52.0272],
[2913 , -58.5466],
[2914 , -58.0738],
[2915 , -57.5498],
[2916 , -56.9815],
[2917 , -56.3988],
[2918 , -55.8078],
[2919 , -55.2219],
[2920 , -54.6542],
[2921 , -54.0106],
[2922 , -53.5146],
[2923 , -53.0668],
[2924 , -52.6991],
[2925 , -52.3629],
[2926 , -52.0839],
[2927 , -51.8597],
[2928 , -51.6855],
[2929 , -51.6611],
[2930 , -51.5698],
[2931 , -51.5078],
[2932 , -51.4606],
[2933 , -43.7556],
[2934 , -51.3186],
[2935 , -51.2849],
[2936 , -51.239],
[2937 , -51.137],
[2938 , -49.4086],
[2939 , -48.9167],
[2940 , -50.5411],
[2941 , -50.4722],
[2942 , -49.8971],
[2943 , -49.956],
[2944 , -49.8201],
[2945 , -49.6606],
[2946 , -49.4793],
[2947 , -49.2781],
[2948 , -49.059],
[2949 , -48.8241],
[2950 , -48.5753],
[2951 , -47.7899],
[2952 , -47.8173],
[2953 , -47.549],
[2954 , -47.2737],
[2955 , -46.993],
[2956 , -46.7083],
[2957 , -42.0031],
[2958 , -40.9427],
[2959 , -41.5035],
[2960 , -41.2545],
[2961 , -41.0072],
[2962 , -40.7624],
[2963 , -40.5209],
[2964 , -40.2835],
[2965 , -38.5861],
[2966 , -39.1884],
[2967 , -38.6216],
[2968 , -38.3966],
[2969 , -38.1784],
[2970 , -37.9678],
[2971 , -37.7654],
[2972 , -37.6019],
[2973 , -36.2539],
[2974 , -38.6953],
[2975 , -36.3346],
[2976 , -38.4076],
[2977 , -38.2788],
[2978 , -38.1601],
[2979 , -38.0509],
[2980 , -37.9508],
[2981 , -37.8763],
[2982 , -37.7934],
[2983 , -37.717],
[2984 , -37.5004],
[2985 , -41.5148],
[2986 , -41.241],
[2987 , -40.9462],
[2988 , -40.6328],
[2989 , -40.3053],
[2990 , -39.9695],
[2991 , -39.6328],
[2992 , -39.3038],
[2993 , -35.9624],
[2994 , -34.4435],
[2995 , -33.953],
[2996 , -34.4092],
[2997 , -34.5712],
[2998 , -34.8819],
[2999 , -35.3191],
