[ -42.198 ,208.511 ],
[ -42.1843 ,218.219 ],
[ -42.1751 ,230.598 ],
[ -42.1306 ,221.996 ],
[ -42.1526 ,252.887 ],
[ -42.1163 ,249.167 ],
[ -42.1205 ,269.542 ],
[ -42.0821 ,264.57 ],
[ -42.0669 ,273.364 ],
[ -42.0741 ,295.474 ],
[ -42.043 ,294.868 ],
[ -42.0512 ,317.586 ],
[ -42.0217 ,317.913 ],
[ -41.9908 ,317.456 ],
[ -41.9658 ,320.443 ],
[ -41.9437 ,325.185 ],
[ -41.9254 ,332.179 ],
[ -41.9003 ,335.413 ],
[ -41.8498 ,323.579 ],
[ -41.9033 ,372.677 ],
[ -41.7804 ,318.318 ],
[ -41.831 ,365.361 ],
[ -41.8474 ,392.936 ],
[ -41.8465 ,410.495 ],
[ -41.732 ,361.136 ],
[ -41.7342 ,379.926 ],
[ -41.7652 ,416.094 ],
[ -41.6131 ,347.626 ],
[ -41.5331 ,318.784 ],
[ -41.5841 ,369.355 ],
[ -41.5869 ,389.024 ],
[ -41.5274 ,369.233 ],
[ -41.4971 ,371.593 ],
[ -41.5185 ,400.558 ],
[ -41.5427 ,433.023 ],
[ -41.5404 ,449.134 ],
[ -41.495 ,441.123 ],
[ -41.447 ,429.183 ],
[ -41.4911 ,472.351 ],
[ -41.4382 ,459.135 ],
[ -41.2952 ,393.612 ],
[ -41.3751 ,458.408 ],
[ -41.4367 ,511.854 ],
[ -41.3168 ,458.059 ],
[ -41.2473 ,435.838 ],
[ -41.2574 ,458.021 ],
[ -41.2721 ,487.595 ],
[ -41.2157 ,471.538 ],
[ -41.3288 ,556.037 ],
[ -41.2821 ,545.916 ],
[ -41.1726 ,498.673 ],
[ -41.1324 ,493.72 ],
[ -41.2503 ,581.152 ],
[ -41.1282 ,530.089 ],
[ -41.2636 ,626.58 ],
[ -41.1384 ,569.16 ],
[ -41.1224 ,577.008 ],
[ -40.978 ,509.75 ],
[ -41.0267 ,556.508 ],
[ -40.9543 ,529.404 ],
[ -40.9942 ,571.485 ],
[ -41.0093 ,600.76 ],
[ -40.9441 ,580.253 ],
[ -40.9346 ,592.437 ],
[ -40.9797 ,637.878 ],
[ -40.7325 ,510.802 ],
[ -40.7889 ,562.137 ],
[ -40.8602 ,621.453 ],
[ -40.7139 ,552.985 ],
[ -40.8903 ,677.236 ],
[ -40.8313 ,658.356 ],
[ -40.8027 ,656.435 ],
[ -40.8968 ,730.05 ],
[ -40.8884 ,744.17 ],
[ -40.7485 ,678.135 ],
[ -40.6802 ,656.976 ],
[ -40.493 ,565.002 ],
[ -40.8232 ,774.593 ],
[ -40.8471 ,807.685 ],
[ -40.8499 ,827.024 ],
[ -40.6982 ,759.112 ],
[ -40.6388 ,741.139 ],
[ -40.4895 ,671.845 ],
[ -40.2845 ,566.426 ],
[ -40.5885 ,765.256 ],
[ -40.4806 ,715.231 ],
[ -40.6038 ,804.291 ],
[ -40.6752 ,867.361 ],
[ -40.4292 ,740.189 ],
[ -40.5047 ,800.061 ],
[ -40.4385 ,779.842 ],
[ -40.4421 ,802.373 ],
[ -40.3278 ,754.789 ],
[ -40.2025 ,695.358 ],
[ -40.5949 ,945.406 ],
[ -40.2582 ,767.133 ],
[ -40.0096 ,635.972 ],
[ -40.128 ,724.682 ],
[ -40.2118 ,791.713 ],
[ -40.5013 ,974.908 ],
[ -40.2766 ,860.323 ],
[ -40.2355 ,854.809 ],
[ -40.212 ,859.911 ],
[ -40.0611 ,788.687 ],
[ -40.2916 ,942.837 ],
[ -40.2863 ,957.106 ],
[ -40.2433 ,951.254 ],
[ -40.3494 ,1031.08 ],
[ -40.4085 ,1081.6 ],
[ -40.2397 ,997.664 ],
[ -40.0457 ,902.76 ],
[ -40.17 ,993.446 ],
[ -40.2708 ,1067.2 ],
[ -40.1267 ,998.947 ],
[ -39.9019 ,888.983 ],
[ -40.2276 ,1099.27 ],
[ -40.0401 ,1008.34 ],
[ -39.6242 ,780.037 ],
[ -39.6294 ,804.958 ],
[ -39.5967 ,798.307 ],
[ -39.8974 ,993.703 ],
[ -39.8948 ,1008.85 ],
[ -39.8415 ,997.378 ],
[ -39.8969 ,1050.36 ],
[ -39.6837 ,942.669 ],
[ -39.9206 ,1101.48 ],
[ -39.7945 ,1047.12 ],
[ -39.7869 ,1059.2 ],
[ -39.6904 ,1020.58 ],
[ -39.6359 ,1005.41 ],
[ -39.6381 ,1019.89 ],
[ -39.55 ,986.247 ],
[ -39.4974 ,975.174 ],
[ -39.9921 ,1284.17 ],
[ -39.4011 ,951.189 ],
[ -39.5885 ,1081.31 ],
[ -39.6938 ,1160.11 ],
[ -39.6238 ,1141.59 ],
[ -39.3856 ,1011.28 ],
[ -39.614 ,1169.29 ],
[ -39.4991 ,1117.44 ],
[ -39.5773 ,1184.6 ],
[ -39.3593 ,1074.53 ],
[ -39.2929 ,1054.9 ],
[ -39.3232 ,1087.43 ],
[ -39.0505 ,945.437 ],
[ -39.5362 ,1249.45 ],
[ -39.4061 ,1187.11 ],
[ -38.9986 ,964.349 ],
[ -39.578 ,1324.27 ],
[ -39.0579 ,1035.5 ],
[ -39.2733 ,1179.19 ],
[ -39.4217 ,1283.77 ],
[ -39.4081 ,1293.09 ],
[ -39.4361 ,1329.99 ],
[ -39.1144 ,1159.79 ],
[ -39.2541 ,1257.74 ],
[ -39.1083 ,1189.72 ],
[ -39.0096 ,1150.78 ],
[ -39.1747 ,1267.24 ],
[ -38.7658 ,1039.56 ],
[ -39.1821 ,1305.84 ],
[ -39.0699 ,1258.52 ],
[ -39.4264 ,1484.42 ],
[ -39.2205 ,1383.51 ],
[ -39.0499 ,1298.68 ],
[ -39.1895 ,1394.37 ],
[ -39.1946 ,1416.51 ],
[ -38.6453 ,1113.85 ],
[ -39.1838 ,1443.9 ],
[ -39.1213 ,1428.05 ],
[ -38.4996 ,1085.62 ],
[ -39.0938 ,1449.77 ],
[ -39.2799 ,1575.07 ],
[ -39.2212 ,1551.41 ],
[ -39.0225 ,1459.21 ],
[ -38.4021 ,1112.58 ],
[ -38.827 ,1379.21 ],
[ -39.0569 ,1530.41 ],
[ -38.6841 ,1325.96 ],
[ -39.3354 ,1727.79 ],
[ -38.6786 ,1361.93 ],
[ -38.5881 ,1325.65 ],
[ -38.8554 ,1500.63 ],
[ -38.9098 ,1550.99 ],
[ -38.7923 ,1500.15 ],
[ -38.8843 ,1574.47 ],
[ -38.5785 ,1410.88 ],
[ -38.5405 ,1403.25 ],
[ -38.3395 ,1305.17 ],
[ -38.6656 ,1511.81 ],
[ -38.4544 ,1407.32 ],
[ -38.7639 ,1606.05 ],
[ -37.7959 ,1061.28 ],
[ -38.0765 ,1237.23 ],
[ -38.3588 ,1424.81 ],
[ -38.894 ,1757.16 ],
[ -38.6755 ,1646.75 ],
[ -38.9806 ,1842.87 ],
