step, strain, right, left, 
0, 0, -0.316892, 0.316892, 
100, 0, -0.410571, 0.410571, 
200, 0, -0.491144, 0.491144, 
300, 0, -0.463682, 0.463682, 
400, 0, -0.357128, 0.357128, 
500, 0, -0.385555, 0.385555, 
600, 0, -0.433932, 0.433932, 
700, 0, -0.477119, 0.477119, 
800, 0, -0.419175, 0.419175, 
900, 0, -0.370578, 0.370578, 
1000, 0, -0.394092, 0.394092, 
1100, 0, -0.473417, 0.473417, 
1200, 0, -0.440815, 0.440815, 
1300, 0, -0.401756, 0.401756, 
1400, 0, -0.372559, 0.372559, 
1500, 0, -0.439984, 0.439984, 
1600, 0, -0.446182, 0.446182, 
1700, 0, -0.43495, 0.43495, 
1800, 0, -0.381576, 0.381576, 
1900, 0, -0.413385, 0.413385, 
2000, 0, -0.428823, 0.428823, 
2100, 0, -0.453739, 0.453739, 
2200, 0, -0.396301, 0.396301, 
2300, 0, -0.40979, 0.40979, 
2400, 0, -0.413307, 0.413307, 
2500, 0, -0.444785, 0.444785, 
2600, 0, -0.418994, 0.418994, 
2700, 0, -0.413655, 0.413655, 
2800, 0, -0.400869, 0.400869, 
2900, 0, -0.437957, 0.437957, 
3000, 0, -0.42369, 0.42369, 
3100, 0, -0.420477, 0.420477, 
3200, 0, -0.406018, 0.406018, 
3300, 0, -0.426057, 0.426057, 
3400, 0, -0.421339, 0.421339, 
3500, 0, -0.426207, 0.426207, 
3600, 0, -0.410699, 0.410699, 
3700, 0, -0.41948, 0.41948, 
3800, 0, -0.422465, 0.422465, 
3900, 0, -0.426548, 0.426548, 
4000, 0, -0.412338, 0.412338, 
4100, 0, -0.418903, 0.418903, 
4200, 0, -0.420478, 0.420478, 
4300, 0, -0.426294, 0.426294, 
4400, 0, -0.416068, 0.416068, 
4500, 0, -0.418358, 0.418358, 
4600, 0, -0.417453, 0.417453, 
4700, 0, -0.425979, 0.425979, 
4800, 0, -0.419005, 0.419005, 
4900, 0, -0.418489, 0.418489, 
5000, 0, -0.416001, 0.416001, 
5100, 0, -0.423282, 0.423282, 
5200, 0, -0.422859, 0.422859, 
5300, 0, -0.418866, 0.418866, 
5400, 0, -0.415228, 0.415228, 
5500, 0, -0.42151, 0.42151, 
5600, 0, -0.422069, 0.422069, 
5700, 0, -0.421936, 0.421936, 
5800, 0, -0.416126, 0.416126, 
5900, 0, -0.418938, 0.418938, 
6000, 0, -0.421199, 0.421199, 
6100, 0, -0.422867, 0.422867, 
6200, 0, -0.417775, 0.417775, 
6300, 0, -0.418253, 0.418253, 
6400, 0, -0.420131, 0.420131, 
6500, 0, -0.422152, 0.422152, 
6600, 0, -0.420032, 0.420032, 
6700, 0, -0.418455, 0.418455, 
6800, 0, -0.418189, 0.418189, 
6900, 0, -0.421749, 0.421749, 
7000, 0, -0.421429, 0.421429, 
7100, 0, -0.419181, 0.419181, 
7200, 0, -0.41749, 0.41749, 
7300, 0, -0.42104, 0.42104, 
7400, 0, -0.420956, 0.420956, 
7500, 0, -0.420558, 0.420558, 
7600, 0, -0.418182, 0.418182, 
7700, 0, -0.419266, 0.419266, 
7800, 0, -0.420847, 0.420847, 
7900, 0, -0.421435, 0.421435, 
8000, 0, -0.418863, 0.418863, 
8100, 0, -0.418703, 0.418703, 
8200, 0, -0.419934, 0.419934, 
8300, 0, -0.421389, 0.421389, 
8400, 0, -0.41991, 0.41991, 
8500, 0, -0.419358, 0.419358, 
8600, 0, -0.418716, 0.418716, 
8700, 0, -0.420813, 0.420813, 
8800, 0, -0.42068, 0.42068, 
8900, 0, -0.419816, 0.419816, 
9000, 0, -0.418647, 0.418647, 
9100, 0, -0.420173, 0.420173, 
9200, 0, -0.420499, 0.420499, 
9300, 0, -0.420361, 0.420361, 
9400, 0, -0.419113, 0.419113, 
9500, 0, -0.419615, 0.419615, 
9600, 0, -0.420048, 0.420048, 
9700, 0, -0.420621, 0.420621, 
9800, 0, -0.419668, 0.419668, 
9900, 0, -0.419485, 0.419485, 
10000, 0, -0.419663, 0.419663, 
10100, 0, -0.420502, 0.420502, 
10200, 0, -0.419965, 0.419965, 
10300, 0, -0.419687, 0.419687, 
10400, 0, -0.41953, 0.41953, 
10500, 0, -0.420161, 0.420161, 
10600, 0, -0.42016, 0.42016, 
10700, 0, -0.419904, 0.419904, 
10800, 0, -0.419466, 0.419466, 
10900, 0, -0.419957, 0.419957, 
11000, 0, -0.420124, 0.420124, 
11100, 0, -0.420078, 0.420078, 
11200, 0, -0.419612, 0.419612, 
11300, 0, -0.419786, 0.419786, 
11400, 0, -0.419976, 0.419976, 
11500, 0, -0.420142, 0.420142, 
11600, 0, -0.419809, 0.419809, 
11700, 0, -0.419753, 0.419753, 
11800, 0, -0.419805, 0.419805, 
11900, 0, -0.420117, 0.420117, 
12000, 0, -0.419973, 0.419973, 
12100, 0, -0.419766, 0.419766, 
12200, 0, -0.419759, 0.419759, 
12300, 0, -0.42001, 0.42001, 
12400, 0, -0.419991, 0.419991, 
12500, 0, -0.419911, 0.419911, 
12600, 0, -0.419762, 0.419762, 
12700, 0, -0.419874, 0.419874, 
12800, 0, -0.419981, 0.419981, 
12900, 0, -0.419974, 0.419974, 
13000, 0, -0.419817, 0.419817, 
13100, 0, -0.419842, 0.419842, 
13200, 0, -0.419927, 0.419927, 
13300, 0, -0.419963, 0.419963, 
13400, 0, -0.419882, 0.419882, 
13500, 0, -0.419861, 0.419861, 
13600, 0, -0.419858, 0.419858, 
13700, 0, -0.41997, 0.41997, 
13800, 0, -0.419908, 0.419908, 
13900, 0, -0.419871, 0.419871, 
14000, 0, -0.419858, 0.419858, 
14100, 0, -0.419936, 0.419936, 
14200, 0, -0.419908, 0.419908, 
14300, 0, -0.419907, 0.419907, 
14400, 0, -0.419852, 0.419852, 
14500, 0, -0.419912, 0.419912, 
14600, 0, -0.419916, 0.419916, 
14700, 0, -0.419917, 0.419917, 
14800, 0, -0.419852, 0.419852, 
14900, 0, -0.419904, 0.419904, 
15000, 0, -0.419906, 0.419906, 
15100, 0, -0.419927, 0.419927, 
15200, 0, -0.419872, 0.419872, 
15300, 0, -0.419891, 0.419891, 
15400, 0, -0.419888, 0.419888, 
15500, 0, -0.41993, 0.41993, 
15600, 0, -0.419893, 0.419893, 
15700, 0, -0.419886, 0.419886, 
15800, 0, -0.419883, 0.419883, 
15900, 0, -0.419919, 0.419919, 
16000, 0, -0.419905, 0.419905, 
16100, 0, -0.419891, 0.419891, 
16200, 0, -0.419879, 0.419879, 
16300, 0, -0.419908, 0.419908, 
16400, 0, -0.419909, 0.419909, 
16500, 0, -0.419899, 0.419899, 
16600, 0, -0.419884, 0.419884, 
16700, 0, -0.419896, 0.419896, 
16800, 0, -0.419905, 0.419905, 
16900, 0, -0.419911, 0.419911, 
17000, 0, -0.419885, 0.419885, 
17100, 0, -0.419891, 0.419891, 
17200, 0, -0.419903, 0.419903, 
17300, 0, -0.419908, 0.419908, 
17400, 0, -0.419896, 0.419896, 
17500, 0, -0.419889, 0.419889, 
17600, 0, -0.419893, 0.419893, 
17700, 0, -0.419909, 0.419909, 
17800, 0, -0.419902, 0.419902, 
17900, 0, -0.419893, 0.419893, 
18000, 0, -0.419888, 0.419888, 
18100, 0, -0.419903, 0.419903, 
18200, 0, -0.419906, 0.419906, 
18300, 0, -0.419898, 0.419898, 
18400, 0, -0.419889, 0.419889, 
18500, 0, -0.419896, 0.419896, 
18600, 0, -0.419904, 0.419904, 
18700, 0, -0.419904, 0.419904, 
18800, 0, -0.419892, 0.419892, 
18900, 0, -0.419892, 0.419892, 
19000, 0, -0.419899, 0.419899, 
19100, 0, -0.419904, 0.419904, 
19200, 0, -0.419899, 0.419899, 
19300, 0, -0.419893, 0.419893, 
19400, 0, -0.419894, 0.419894, 
19500, 0, -0.419902, 0.419902, 
19600, 0, -0.419902, 0.419902, 
19700, 0, -0.419897, 0.419897, 
19800, 0, -0.419893, 0.419893, 
19900, 0, -0.419899, 0.419899, 
20000, 0.004, -2.50199, 2.50199, 
20100, 0.004, -1.48852, 1.48852, 
20200, 0.004, -0.677612, 0.677612, 
20300, 0.004, -0.871508, 0.871508, 
20400, 0.004, -1.84349, 1.84349, 
20500, 0.004, -1.80041, 1.80041, 
20600, 0.004, -1.16998, 1.16998, 
20700, 0.004, -0.665029, 0.665029, 
20800, 0.004, -1.28769, 1.28769, 
20900, 0.004, -1.76601, 1.76601, 
21000, 0.004, -1.59704, 1.59704, 
21100, 0.004, -0.962742, 0.962742, 
21200, 0.004, -1.07985, 1.07985, 
21300, 0.004, -1.513, 1.513, 
21400, 0.004, -1.7573, 1.7573, 
21500, 0.004, -1.30043, 1.30043, 
21600, 0.004, -1.03208, 1.03208, 
21700, 0.004, -1.20659, 1.20659, 
21800, 0.004, -1.61035, 1.61035, 
21900, 0.004, -1.4701, 1.4701, 
22000, 0.004, -1.14368, 1.14368, 
22100, 0.004, -1.11207, 1.11207, 
22200, 0.004, -1.43007, 1.43007, 
22300, 0.004, -1.56863, 1.56863, 
22400, 0.004, -1.37017, 1.37017, 
22500, 0.004, -1.14823, 1.14823, 
22600, 0.004, -1.28547, 1.28547, 
22700, 0.004, -1.50364, 1.50364, 
22800, 0.004, -1.48986, 1.48986, 
22900, 0.004, -1.25122, 1.25122, 
23000, 0.004, -1.18234, 1.18234, 
23100, 0.004, -1.33127, 1.33127, 
23200, 0.004, -1.47468, 1.47468, 
23300, 0.004, -1.37358, 1.37358, 
23400, 0.004, -1.22943, 1.22943, 
23500, 0.004, -1.28229, 1.28229, 
23600, 0.004, -1.414, 1.414, 
23700, 0.004, -1.45356, 1.45356, 
23800, 0.004, -1.31937, 1.31937, 
23900, 0.004, -1.25598, 1.25598, 
24000, 0.004, -1.35016, 1.35016, 
24100, 0.004, -1.41394, 1.41394, 
24200, 0.004, -1.35758, 1.35758, 
24300, 0.004, -1.27852, 1.27852, 
24400, 0.004, -1.30027, 1.30027, 
24500, 0.004, -1.36281, 1.36281, 
24600, 0.004, -1.38868, 1.38868, 
24700, 0.004, -1.32216, 1.32216, 
24800, 0.004, -1.29644, 1.29644, 
24900, 0.004, -1.35138, 1.35138, 
25000, 0.004, -1.39352, 1.39352, 
25100, 0.004, -1.34627, 1.34627, 
25200, 0.004, -1.30635, 1.30635, 
25300, 0.004, -1.3236, 1.3236, 
25400, 0.004, -1.36798, 1.36798, 
25500, 0.004, -1.36265, 1.36265, 
25600, 0.004, -1.3188, 1.3188, 
25700, 0.004, -1.30476, 1.30476, 
25800, 0.004, -1.35025, 1.35025, 
25900, 0.004, -1.36987, 1.36987, 
26000, 0.004, -1.34494, 1.34494, 
26100, 0.004, -1.31749, 1.31749, 
26200, 0.004, -1.33509, 1.33509, 
26300, 0.004, -1.35999, 1.35999, 
26400, 0.004, -1.36038, 1.36038, 
26500, 0.004, -1.32696, 1.32696, 
26600, 0.004, -1.32004, 1.32004, 
26700, 0.004, -1.34354, 1.34354, 
26800, 0.004, -1.35866, 1.35866, 
26900, 0.004, -1.33988, 1.33988, 
27000, 0.004, -1.32522, 1.32522, 
27100, 0.004, -1.33282, 1.33282, 
27200, 0.004, -1.35466, 1.35466, 
27300, 0.004, -1.35178, 1.35178, 
27400, 0.004, -1.33488, 1.33488, 
27500, 0.004, -1.33072, 1.33072, 
27600, 0.004, -1.34693, 1.34693, 
27700, 0.004, -1.34969, 1.34969, 
27800, 0.004, -1.33954, 1.33954, 
27900, 0.004, -1.32928, 1.32928, 
28000, 0.004, -1.33886, 1.33886, 
28100, 0.004, -1.34775, 1.34775, 
28200, 0.004, -1.34515, 1.34515, 
28300, 0.004, -1.33325, 1.33325, 
28400, 0.004, -1.33684, 1.33684, 
28500, 0.004, -1.34526, 1.34526, 
28600, 0.004, -1.34875, 1.34875, 
28700, 0.004, -1.3393, 1.3393, 
28800, 0.004, -1.3345, 1.3345, 
28900, 0.004, -1.33932, 1.33932, 
29000, 0.004, -1.34818, 1.34818, 
29100, 0.004, -1.34224, 1.34224, 
29200, 0.004, -1.33428, 1.33428, 
29300, 0.004, -1.3362, 1.3362, 
29400, 0.004, -1.34472, 1.34472, 
29500, 0.004, -1.34579, 1.34579, 
29600, 0.004, -1.34005, 1.34005, 
29700, 0.004, -1.3357, 1.3357, 
29800, 0.004, -1.34037, 1.34037, 
29900, 0.004, -1.34611, 1.34611, 
30000, 0.008, -3.34776, 3.34776, 
30100, 0.008, -2.32083, 2.32083, 
30200, 0.008, -1.54197, 1.54197, 
30300, 0.008, -1.71238, 1.71238, 
30400, 0.008, -2.67756, 2.67756, 
30500, 0.008, -2.62799, 2.62799, 
30600, 0.008, -2.00429, 2.00429, 
30700, 0.008, -1.47455, 1.47455, 
30800, 0.008, -2.15938, 2.15938, 
30900, 0.008, -2.6088, 2.6088, 
31000, 0.008, -2.40453, 2.40453, 
31100, 0.008, -1.80074, 1.80074, 
31200, 0.008, -1.96689, 1.96689, 
31300, 0.008, -2.3954, 2.3954, 
31400, 0.008, -2.56764, 2.56764, 
31500, 0.008, -2.09247, 2.09247, 
31600, 0.008, -1.88818, 1.88818, 
31700, 0.008, -2.16469, 2.16469, 
31800, 0.008, -2.46352, 2.46352, 
31900, 0.008, -2.24766, 2.24766, 
32000, 0.008, -1.94731, 1.94731, 
32100, 0.008, -1.99499, 1.99499, 
32200, 0.008, -2.30161, 2.30161, 
32300, 0.008, -2.35382, 2.35382, 
32400, 0.008, -2.1052, 2.1052, 
32500, 0.008, -2.02423, 2.02423, 
32600, 0.008, -2.17597, 2.17597, 
32700, 0.008, -2.34906, 2.34906, 
32800, 0.008, -2.26291, 2.26291, 
32900, 0.008, -2.09018, 2.09018, 
33000, 0.008, -2.09107, 2.09107, 
33100, 0.008, -2.28184, 2.28184, 
33200, 0.008, -2.27594, 2.27594, 
33300, 0.008, -2.12271, 2.12271, 
33400, 0.008, -2.07977, 2.07977, 
33500, 0.008, -2.18332, 2.18332, 
33600, 0.008, -2.26736, 2.26736, 
33700, 0.008, -2.20437, 2.20437, 
33800, 0.008, -2.09175, 2.09175, 
33900, 0.008, -2.11005, 2.11005, 
34000, 0.008, -2.25038, 2.25038, 
34100, 0.008, -2.23403, 2.23403, 
34200, 0.008, -2.15075, 2.15075, 
34300, 0.008, -2.119, 2.119, 
34400, 0.008, -2.21436, 2.21436, 
34500, 0.008, -2.24167, 2.24167, 
34600, 0.008, -2.21168, 2.21168, 
34700, 0.008, -2.13654, 2.13654, 
34800, 0.008, -2.16877, 2.16877, 
34900, 0.008, -2.22418, 2.22418, 
35000, 0.008, -2.227, 2.227, 
35100, 0.008, -2.14273, 2.14273, 
35200, 0.008, -2.13946, 2.13946, 
35300, 0.008, -2.18888, 2.18888, 
35400, 0.008, -2.231, 2.231, 
35500, 0.008, -2.18858, 2.18858, 
35600, 0.008, -2.15552, 2.15552, 
35700, 0.008, -2.16952, 2.16952, 
35800, 0.008, -2.22476, 2.22476, 
35900, 0.008, -2.2125, 2.2125, 
36000, 0.008, -2.16975, 2.16975, 
36100, 0.008, -2.155, 2.155, 
36200, 0.008, -2.19619, 2.19619, 
36300, 0.008, -2.20949, 2.20949, 
36400, 0.008, -2.18532, 2.18532, 
36500, 0.008, -2.15482, 2.15482, 
36600, 0.008, -2.17748, 2.17748, 
36700, 0.008, -2.20425, 2.20425, 
36800, 0.008, -2.20437, 2.20437, 
36900, 0.008, -2.176, 2.176, 
37000, 0.008, -2.17416, 2.17416, 
37100, 0.008, -2.19068, 2.19068, 
37200, 0.008, -2.20636, 2.20636, 
37300, 0.008, -2.18456, 2.18456, 
37400, 0.008, -2.17085, 2.17085, 
37500, 0.008, -2.17867, 2.17867, 
37600, 0.008, -2.19811, 2.19811, 
37700, 0.008, -2.19055, 2.19055, 
37800, 0.008, -2.17903, 2.17903, 
37900, 0.008, -2.17435, 2.17435, 
38000, 0.008, -2.19241, 2.19241, 
38100, 0.008, -2.19828, 2.19828, 
38200, 0.008, -2.18826, 2.18826, 
38300, 0.008, -2.17555, 2.17555, 
38400, 0.008, -2.18652, 2.18652, 
38500, 0.008, -2.19346, 2.19346, 
38600, 0.008, -2.18937, 2.18937, 
38700, 0.008, -2.17901, 2.17901, 
38800, 0.008, -2.18039, 2.18039, 
38900, 0.008, -2.18796, 2.18796, 
39000, 0.008, -2.19296, 2.19296, 
39100, 0.008, -2.1852, 2.1852, 
39200, 0.008, -2.17974, 2.17974, 
39300, 0.008, -2.18627, 2.18627, 
39400, 0.008, -2.1929, 2.1929, 
39500, 0.008, -2.1892, 2.1892, 
39600, 0.008, -2.18259, 2.18259, 
39700, 0.008, -2.18298, 2.18298, 
39800, 0.008, -2.18774, 2.18774, 
39900, 0.008, -2.1897, 2.1897, 
40000, 0.012, -4.0825, 4.0825, 
40100, 0.012, -3.07158, 3.07158, 
40200, 0.012, -2.34127, 2.34127, 
40300, 0.012, -2.51628, 2.51628, 
40400, 0.012, -3.45002, 3.45002, 
40500, 0.012, -3.35156, 3.35156, 
40600, 0.012, -2.7672, 2.7672, 
40700, 0.012, -2.28816, 2.28816, 
40800, 0.012, -2.9123, 2.9123, 
40900, 0.012, -3.35371, 3.35371, 
41000, 0.012, -3.12651, 3.12651, 
41100, 0.012, -2.58974, 2.58974, 
41200, 0.012, -2.73712, 2.73712, 
41300, 0.012, -3.1688, 3.1688, 
41400, 0.012, -3.28225, 3.28225, 
41500, 0.012, -2.88735, 2.88735, 
41600, 0.012, -2.702, 2.702, 
41700, 0.012, -2.93475, 2.93475, 
41800, 0.012, -3.19567, 3.19567, 
41900, 0.012, -2.96509, 2.96509, 
42000, 0.012, -2.70429, 2.70429, 
42100, 0.012, -2.80232, 2.80232, 
42200, 0.012, -3.09426, 3.09426, 
42300, 0.012, -3.08093, 3.08093, 
42400, 0.012, -2.83679, 2.83679, 
42500, 0.012, -2.80885, 2.80885, 
42600, 0.012, -3.03871, 3.03871, 
42700, 0.012, -3.11234, 3.11234, 
42800, 0.012, -2.98124, 2.98124, 
42900, 0.012, -2.79437, 2.79437, 
43000, 0.012, -2.84989, 2.84989, 
43100, 0.012, -3.0447, 3.0447, 
43200, 0.012, -3.02624, 3.02624, 
43300, 0.012, -2.86407, 2.86407, 
43400, 0.012, -2.8398, 2.8398, 
43500, 0.012, -2.96513, 2.96513, 
43600, 0.012, -3.04633, 3.04633, 
43700, 0.012, -2.94692, 2.94692, 
43800, 0.012, -2.87928, 2.87928, 
43900, 0.012, -2.92865, 2.92865, 
44000, 0.012, -3.02661, 3.02661, 
44100, 0.012, -2.99853, 2.99853, 
44200, 0.012, -2.90829, 2.90829, 
44300, 0.012, -2.8797, 2.8797, 
44400, 0.012, -2.95386, 2.95386, 
44500, 0.012, -2.99415, 2.99415, 
44600, 0.012, -2.93713, 2.93713, 
44700, 0.012, -2.86925, 2.86925, 
44800, 0.012, -2.93506, 2.93506, 
44900, 0.012, -2.98901, 2.98901, 
45000, 0.012, -2.98537, 2.98537, 
45100, 0.012, -2.90698, 2.90698, 
45200, 0.012, -2.91893, 2.91893, 
45300, 0.012, -2.98114, 2.98114, 
45400, 0.012, -2.97616, 2.97616, 
45500, 0.012, -2.93645, 2.93645, 
45600, 0.012, -2.89671, 2.89671, 
45700, 0.012, -2.90826, 2.90826, 
45800, 0.012, -2.95961, 2.95961, 
45900, 0.012, -2.9582, 2.9582, 
46000, 0.012, -2.92566, 2.92566, 
46100, 0.012, -2.91096, 2.91096, 
46200, 0.012, -2.94581, 2.94581, 
46300, 0.012, -2.96176, 2.96176, 
46400, 0.012, -2.94312, 2.94312, 
46500, 0.012, -2.91549, 2.91549, 
46600, 0.012, -2.92966, 2.92966, 
46700, 0.012, -2.94883, 2.94883, 
46800, 0.012, -2.94221, 2.94221, 
46900, 0.012, -2.92196, 2.92196, 
47000, 0.012, -2.92491, 2.92491, 
47100, 0.012, -2.93874, 2.93874, 
47200, 0.012, -2.94909, 2.94909, 
47300, 0.012, -2.93366, 2.93366, 
47400, 0.012, -2.92896, 2.92896, 
47500, 0.012, -2.93643, 2.93643, 
47600, 0.012, -2.94926, 2.94926, 
47700, 0.012, -2.93785, 2.93785, 
47800, 0.012, -2.92853, 2.92853, 
47900, 0.012, -2.92778, 2.92778, 
48000, 0.012, -2.94096, 2.94096, 
48100, 0.012, -2.94271, 2.94271, 
48200, 0.012, -2.93192, 2.93192, 
48300, 0.012, -2.92542, 2.92542, 
48400, 0.012, -2.93641, 2.93641, 
48500, 0.012, -2.9455, 2.9455, 
48600, 0.012, -2.93941, 2.93941, 
48700, 0.012, -2.9304, 2.9304, 
48800, 0.012, -2.9333, 2.9333, 
48900, 0.012, -2.94023, 2.94023, 
49000, 0.012, -2.94086, 2.94086, 
49100, 0.012, -2.93339, 2.93339, 
49200, 0.012, -2.92999, 2.92999, 
49300, 0.012, -2.93483, 2.93483, 
49400, 0.012, -2.94033, 2.94033, 
49500, 0.012, -2.93658, 2.93658, 
49600, 0.012, -2.93242, 2.93242, 
49700, 0.012, -2.93463, 2.93463, 
49800, 0.012, -2.93873, 2.93873, 
49900, 0.012, -2.93878, 2.93878, 
50000, 0.016, -4.67624, 4.67624, 
50100, 0.016, -3.6771, 3.6771, 
50200, 0.016, -2.95507, 2.95507, 
50300, 0.016, -3.17948, 3.17948, 
50400, 0.016, -4.11154, 4.11154, 
50500, 0.016, -3.93536, 3.93536, 
50600, 0.016, -3.41612, 3.41612, 
50700, 0.016, -2.94774, 2.94774, 
50800, 0.016, -3.62808, 3.62808, 
50900, 0.016, -3.98405, 3.98405, 
51000, 0.016, -3.70887, 3.70887, 
51100, 0.016, -3.20686, 3.20686, 
51200, 0.016, -3.44863, 3.44863, 
51300, 0.016, -3.78362, 3.78362, 
51400, 0.016, -3.84676, 3.84676, 
51500, 0.016, -3.4847, 3.4847, 
51600, 0.016, -3.30494, 3.30494, 
51700, 0.016, -3.61217, 3.61217, 
51800, 0.016, -3.81752, 3.81752, 
51900, 0.016, -3.57773, 3.57773, 
52000, 0.016, -3.35951, 3.35951, 
52100, 0.016, -3.47943, 3.47943, 
52200, 0.016, -3.74291, 3.74291, 
52300, 0.016, -3.69647, 3.69647, 
52400, 0.016, -3.46794, 3.46794, 
52500, 0.016, -3.4359, 3.4359, 
52600, 0.016, -3.67478, 3.67478, 
52700, 0.016, -3.73414, 3.73414, 
52800, 0.016, -3.57584, 3.57584, 
52900, 0.016, -3.42661, 3.42661, 
53000, 0.016, -3.55705, 3.55705, 
53100, 0.016, -3.6825, 3.6825, 
53200, 0.016, -3.64106, 3.64106, 
53300, 0.016, -3.46238, 3.46238, 
53400, 0.016, -3.48821, 3.48821, 
53500, 0.016, -3.63313, 3.63313, 
53600, 0.016, -3.69141, 3.69141, 
53700, 0.016, -3.55595, 3.55595, 
53800, 0.016, -3.48833, 3.48833, 
53900, 0.016, -3.56586, 3.56586, 
54000, 0.016, -3.67214, 3.67214, 
54100, 0.016, -3.62498, 3.62498, 
54200, 0.016, -3.5087, 3.5087, 
54300, 0.016, -3.5102, 3.5102, 
54400, 0.016, -3.62156, 3.62156, 
54500, 0.016, -3.63695, 3.63695, 
54600, 0.016, -3.54523, 3.54523, 
54700, 0.016, -3.5188, 3.5188, 
54800, 0.016, -3.58421, 3.58421, 
54900, 0.016, -3.63334, 3.63334, 
55000, 0.016, -3.59889, 3.59889, 
55100, 0.016, -3.53744, 3.53744, 
55200, 0.016, -3.55031, 3.55031, 
55300, 0.016, -3.61388, 3.61388, 
55400, 0.016, -3.61214, 3.61214, 
55500, 0.016, -3.55354, 3.55354, 
55600, 0.016, -3.54193, 3.54193, 
55700, 0.016, -3.5808, 3.5808, 
55800, 0.016, -3.60887, 3.60887, 
55900, 0.016, -3.5826, 3.5826, 
56000, 0.016, -3.54873, 3.54873, 
56100, 0.016, -3.56358, 3.56358, 
56200, 0.016, -3.6081, 3.6081, 
56300, 0.016, -3.59951, 3.59951, 
56400, 0.016, -3.56194, 3.56194, 
56500, 0.016, -3.55549, 3.55549, 
56600, 0.016, -3.5873, 3.5873, 
56700, 0.016, -3.59767, 3.59767, 
56800, 0.016, -3.57733, 3.57733, 
56900, 0.016, -3.5553, 3.5553, 
57000, 0.016, -3.57234, 3.57234, 
57100, 0.016, -3.59325, 3.59325, 
57200, 0.016, -3.58752, 3.58752, 
57300, 0.016, -3.56584, 3.56584, 
57400, 0.016, -3.56932, 3.56932, 
57500, 0.016, -3.58644, 3.58644, 
57600, 0.016, -3.59105, 3.59105, 
57700, 0.016, -3.5752, 3.5752, 
57800, 0.016, -3.5661, 3.5661, 
57900, 0.016, -3.57697, 3.57697, 
58000, 0.016, -3.58704, 3.58704, 
58100, 0.016, -3.58102, 3.58102, 
58200, 0.016, -3.5686, 3.5686, 
58300, 0.016, -3.57241, 3.57241, 
58400, 0.016, -3.58389, 3.58389, 
58500, 0.016, -3.58626, 3.58626, 
58600, 0.016, -3.57395, 3.57395, 
58700, 0.016, -3.57069, 3.57069, 
58800, 0.016, -3.5804, 3.5804, 
58900, 0.016, -3.5868, 3.5868, 
59000, 0.016, -3.57835, 3.57835, 
59100, 0.016, -3.57038, 3.57038, 
59200, 0.016, -3.5748, 3.5748, 
59300, 0.016, -3.58291, 3.58291, 
59400, 0.016, -3.58213, 3.58213, 
59500, 0.016, -3.57433, 3.57433, 
59600, 0.016, -3.57277, 3.57277, 
59700, 0.016, -3.57966, 3.57966, 
59800, 0.016, -3.58381, 3.58381, 
59900, 0.016, -3.57854, 3.57854, 
60000, 0.02, -5.06823, 5.06823, 
60100, 0.02, -4.12878, 4.12878, 
60200, 0.02, -3.39811, 3.39811, 
60300, 0.02, -3.58329, 3.58329, 
60400, 0.02, -4.49481, 4.49481, 
60500, 0.02, -4.44285, 4.44285, 
60600, 0.02, -3.84192, 3.84192, 
60700, 0.02, -3.42881, 3.42881, 
60800, 0.02, -4.0707, 4.0707, 
60900, 0.02, -4.4305, 4.4305, 
61000, 0.02, -4.15416, 4.15416, 
61100, 0.02, -3.63717, 3.63717, 
61200, 0.02, -3.85416, 3.85416, 
61300, 0.02, -4.26077, 4.26077, 
61400, 0.02, -4.33578, 4.33578, 
61500, 0.02, -3.88198, 3.88198, 
61600, 0.02, -3.78549, 3.78549, 
61700, 0.02, -4.03293, 4.03293, 
61800, 0.02, -4.29333, 4.29333, 
61900, 0.02, -4.05471, 4.05471, 
62000, 0.02, -3.78132, 3.78132, 
62100, 0.02, -3.88948, 3.88948, 
62200, 0.02, -4.22101, 4.22101, 
62300, 0.02, -4.15413, 4.15413, 
62400, 0.02, -3.92813, 3.92813, 
62500, 0.02, -3.83817, 3.83817, 
62600, 0.02, -4.08916, 4.08916, 
62700, 0.02, -4.18689, 4.18689, 
62800, 0.02, -4.06812, 4.06812, 
62900, 0.02, -3.91058, 3.91058, 
63000, 0.02, -3.98601, 3.98601, 
63100, 0.02, -4.11643, 4.11643, 
63200, 0.02, -4.09867, 4.09867, 
63300, 0.02, -3.91592, 3.91592, 
63400, 0.02, -3.93513, 3.93513, 
63500, 0.02, -4.0571, 4.0571, 
63600, 0.02, -4.10267, 4.10267, 
63700, 0.02, -3.99554, 3.99554, 
63800, 0.02, -3.94523, 3.94523, 
63900, 0.02, -3.98645, 3.98645, 
64000, 0.02, -4.10808, 4.10808, 
64100, 0.02, -4.05858, 4.05858, 
64200, 0.02, -3.97194, 3.97194, 
64300, 0.02, -3.98264, 3.98264, 
64400, 0.02, -4.08297, 4.08297, 
64500, 0.02, -4.06993, 4.06993, 
64600, 0.02, -3.99081, 3.99081, 
64700, 0.02, -3.95314, 3.95314, 
64800, 0.02, -4.01785, 4.01785, 
64900, 0.02, -4.06465, 4.06465, 
65000, 0.02, -4.03454, 4.03454, 
65100, 0.02, -3.96917, 3.96917, 
65200, 0.02, -3.99329, 3.99329, 
65300, 0.02, -4.05712, 4.05712, 
65400, 0.02, -4.06704, 4.06704, 
65500, 0.02, -4.00497, 4.00497, 
65600, 0.02, -3.98769, 3.98769, 
65700, 0.02, -4.02447, 4.02447, 
65800, 0.02, -4.05642, 4.05642, 
65900, 0.02, -4.02275, 4.02275, 
66000, 0.02, -3.98694, 3.98694, 
66100, 0.02, -3.99686, 3.99686, 
66200, 0.02, -4.03886, 4.03886, 
66300, 0.02, -4.04013, 4.04013, 
66400, 0.02, -4.0099, 4.0099, 
66500, 0.02, -4.00006, 4.00006, 
66600, 0.02, -4.02897, 4.02897, 
66700, 0.02, -4.04331, 4.04331, 
66800, 0.02, -4.02301, 4.02301, 
66900, 0.02, -4.00431, 4.00431, 
67000, 0.02, -4.0154, 4.0154, 
67100, 0.02, -4.03244, 4.03244, 
67200, 0.02, -4.02446, 4.02446, 
67300, 0.02, -4.00714, 4.00714, 
67400, 0.02, -4.00769, 4.00769, 
67500, 0.02, -4.02762, 4.02762, 
67600, 0.02, -4.03124, 4.03124, 
67700, 0.02, -4.0177, 4.0177, 
67800, 0.02, -4.01006, 4.01006, 
67900, 0.02, -4.0246, 4.0246, 
68000, 0.02, -4.03094, 4.03094, 
68100, 0.02, -4.02296, 4.02296, 
68200, 0.02, -4.01078, 4.01078, 
68300, 0.02, -4.01502, 4.01502, 
68400, 0.02, -4.02482, 4.02482, 
68500, 0.02, -4.02721, 4.02721, 
68600, 0.02, -4.01349, 4.01349, 
68700, 0.02, -4.01121, 4.01121, 
68800, 0.02, -4.02234, 4.02234, 
68900, 0.02, -4.02957, 4.02957, 
69000, 0.02, -4.02071, 4.02071, 
69100, 0.02, -4.01548, 4.01548, 
69200, 0.02, -4.01792, 4.01792, 
69300, 0.02, -4.02555, 4.02555, 
69400, 0.02, -4.02399, 4.02399, 
69500, 0.02, -4.01704, 4.01704, 
69600, 0.02, -4.01396, 4.01396, 
69700, 0.02, -4.0215, 4.0215, 
69800, 0.02, -4.02394, 4.02394, 
69900, 0.02, -4.01995, 4.01995, 
70000, 0.024, -5.59512, 5.59512, 
70100, 0.024, -4.61057, 4.61057, 
70200, 0.024, -3.87711, 3.87711, 
70300, 0.024, -4.08067, 4.08067, 
70400, 0.024, -4.94907, 4.94907, 
70500, 0.024, -4.85213, 4.85213, 
70600, 0.024, -4.31481, 4.31481, 
70700, 0.024, -3.85275, 3.85275, 
70800, 0.024, -4.45312, 4.45312, 
70900, 0.024, -4.8774, 4.8774, 
71000, 0.024, -4.58196, 4.58196, 
71100, 0.024, -4.12502, 4.12502, 
71200, 0.024, -4.34242, 4.34242, 
71300, 0.024, -4.72465, 4.72465, 
71400, 0.024, -4.7607, 4.7607, 
71500, 0.024, -4.38023, 4.38023, 
71600, 0.024, -4.24083, 4.24083, 
71700, 0.024, -4.52387, 4.52387, 
71800, 0.024, -4.72354, 4.72354, 
71900, 0.024, -4.47555, 4.47555, 
72000, 0.024, -4.24951, 4.24951, 
72100, 0.024, -4.33581, 4.33581, 
72200, 0.024, -4.60992, 4.60992, 
72300, 0.024, -4.56805, 4.56805, 
72400, 0.024, -4.36101, 4.36101, 
72500, 0.024, -4.32038, 4.32038, 
72600, 0.024, -4.55441, 4.55441, 
72700, 0.024, -4.63075, 4.63075, 
72800, 0.024, -4.51185, 4.51185, 
72900, 0.024, -4.31833, 4.31833, 
73000, 0.024, -4.44624, 4.44624, 
73100, 0.024, -4.57701, 4.57701, 
73200, 0.024, -4.55799, 4.55799, 
73300, 0.024, -4.37302, 4.37302, 
73400, 0.024, -4.39798, 4.39798, 
73500, 0.024, -4.4861, 4.4861, 
73600, 0.024, -4.56543, 4.56543, 
73700, 0.024, -4.43304, 4.43304, 
73800, 0.024, -4.38982, 4.38982, 
73900, 0.024, -4.45466, 4.45466, 
74000, 0.024, -4.57515, 4.57515, 
74100, 0.024, -4.51708, 4.51708, 
74200, 0.024, -4.41858, 4.41858, 
74300, 0.024, -4.42058, 4.42058, 
74400, 0.024, -4.51929, 4.51929, 
74500, 0.024, -4.52649, 4.52649, 
74600, 0.024, -4.44383, 4.44383, 
74700, 0.024, -4.41232, 4.41232, 
74800, 0.024, -4.4723, 4.4723, 
74900, 0.024, -4.51289, 4.51289, 
75000, 0.024, -4.4808, 4.4808, 
75100, 0.024, -4.43463, 4.43463, 
75200, 0.024, -4.4521, 4.4521, 
75300, 0.024, -4.51048, 4.51048, 
75400, 0.024, -4.51005, 4.51005, 
75500, 0.024, -4.45497, 4.45497, 
75600, 0.024, -4.44327, 4.44327, 
75700, 0.024, -4.48087, 4.48087, 
75800, 0.024, -4.49346, 4.49346, 
75900, 0.024, -4.47028, 4.47028, 
76000, 0.024, -4.44714, 4.44714, 
76100, 0.024, -4.46317, 4.46317, 
76200, 0.024, -4.48911, 4.48911, 
76300, 0.024, -4.48557, 4.48557, 
76400, 0.024, -4.45769, 4.45769, 
76500, 0.024, -4.45982, 4.45982, 
76600, 0.024, -4.48749, 4.48749, 
76700, 0.024, -4.49289, 4.49289, 
76800, 0.024, -4.46659, 4.46659, 
76900, 0.024, -4.45675, 4.45675, 
77000, 0.024, -4.47013, 4.47013, 
77100, 0.024, -4.48585, 4.48585, 
77200, 0.024, -4.47396, 4.47396, 
77300, 0.024, -4.45914, 4.45914, 
77400, 0.024, -4.46107, 4.46107, 
77500, 0.024, -4.48665, 4.48665, 
77600, 0.024, -4.48243, 4.48243, 
77700, 0.024, -4.46746, 4.46746, 
77800, 0.024, -4.45998, 4.45998, 
77900, 0.024, -4.47906, 4.47906, 
78000, 0.024, -4.48273, 4.48273, 
78100, 0.024, -4.47678, 4.47678, 
78200, 0.024, -4.46101, 4.46101, 
78300, 0.024, -4.46664, 4.46664, 
78400, 0.024, -4.47684, 4.47684, 
78500, 0.024, -4.47991, 4.47991, 
78600, 0.024, -4.46629, 4.46629, 
78700, 0.024, -4.46648, 4.46648, 
78800, 0.024, -4.47422, 4.47422, 
78900, 0.024, -4.48063, 4.48063, 
79000, 0.024, -4.47263, 4.47263, 
79100, 0.024, -4.46821, 4.46821, 
79200, 0.024, -4.47059, 4.47059, 
79300, 0.024, -4.47793, 4.47793, 
79400, 0.024, -4.47414, 4.47414, 
79500, 0.024, -4.46937, 4.46937, 
79600, 0.024, -4.46856, 4.46856, 
79700, 0.024, -4.47436, 4.47436, 
79800, 0.024, -4.47474, 4.47474, 
79900, 0.024, -4.47117, 4.47117, 
80000, 0.028, -6.03532, 6.03532, 
80100, 0.028, -5.09705, 5.09705, 
80200, 0.028, -4.37377, 4.37377, 
80300, 0.028, -4.55166, 4.55166, 
80400, 0.028, -5.48997, 5.48997, 
80500, 0.028, -5.34145, 5.34145, 
80600, 0.028, -4.75226, 4.75226, 
80700, 0.028, -4.38316, 4.38316, 
80800, 0.028, -5.03724, 5.03724, 
80900, 0.028, -5.35825, 5.35825, 
81000, 0.028, -5.02837, 5.02837, 
81100, 0.028, -4.6014, 4.6014, 
81200, 0.028, -4.87318, 4.87318, 
81300, 0.028, -5.24379, 5.24379, 
81400, 0.028, -5.1988, 5.1988, 
81500, 0.028, -4.77469, 4.77469, 
81600, 0.028, -4.78045, 4.78045, 
81700, 0.028, -5.0806, 5.0806, 
81800, 0.028, -5.1939, 5.1939, 
81900, 0.028, -4.8664, 4.8664, 
82000, 0.028, -4.72472, 4.72472, 
82100, 0.028, -4.95683, 4.95683, 
82200, 0.028, -5.16943, 5.16943, 
82300, 0.028, -5.02822, 5.02822, 
82400, 0.028, -4.7804, 4.7804, 
82500, 0.028, -4.85919, 4.85919, 
82600, 0.028, -5.13163, 5.13163, 
82700, 0.028, -5.14711, 5.14711, 
82800, 0.028, -4.88132, 4.88132, 
82900, 0.028, -4.7957, 4.7957, 
83000, 0.028, -5.00006, 5.00006, 
83100, 0.028, -5.12688, 5.12688, 
83200, 0.028, -4.97168, 4.97168, 
83300, 0.028, -4.82082, 4.82082, 
83400, 0.028, -4.89527, 4.89527, 
83500, 0.028, -5.07138, 5.07138, 
83600, 0.028, -5.04961, 5.04961, 
83700, 0.028, -4.90835, 4.90835, 
83800, 0.028, -4.87336, 4.87336, 
83900, 0.028, -5.01945, 5.01945, 
84000, 0.028, -5.05904, 5.05904, 
84100, 0.028, -4.97094, 4.97094, 
84200, 0.028, -4.88007, 4.88007, 
84300, 0.028, -4.95423, 4.95423, 
84400, 0.028, -5.02116, 5.02116, 
84500, 0.028, -4.99848, 4.99848, 
84600, 0.028, -4.90291, 4.90291, 
84700, 0.028, -4.93108, 4.93108, 
84800, 0.028, -5.00049, 5.00049, 
84900, 0.028, -5.01874, 5.01874, 
85000, 0.028, -4.9429, 4.9429, 
85100, 0.028, -4.93092, 4.93092, 
85200, 0.028, -4.9736, 4.9736, 
85300, 0.028, -5.02006, 5.02006, 
85400, 0.028, -4.97079, 4.97079, 
85500, 0.028, -4.92701, 4.92701, 
85600, 0.028, -4.94459, 4.94459, 
85700, 0.028, -5.00228, 5.00228, 
85800, 0.028, -4.98318, 4.98318, 
85900, 0.028, -4.94334, 4.94334, 
86000, 0.028, -4.93758, 4.93758, 
86100, 0.028, -4.98489, 4.98489, 
86200, 0.028, -4.99622, 4.99622, 
86300, 0.028, -4.96822, 4.96822, 
86400, 0.028, -4.93791, 4.93791, 
86500, 0.028, -4.96703, 4.96703, 
86600, 0.028, -4.99051, 4.99051, 
86700, 0.028, -4.98048, 4.98048, 
86800, 0.028, -4.94477, 4.94477, 
86900, 0.028, -4.95215, 4.95215, 
87000, 0.028, -4.97453, 4.97453, 
87100, 0.028, -4.98636, 4.98636, 
87200, 0.028, -4.96002, 4.96002, 
87300, 0.028, -4.95117, 4.95117, 
87400, 0.028, -4.96575, 4.96575, 
87500, 0.028, -4.98678, 4.98678, 
87600, 0.028, -4.9724, 4.9724, 
87700, 0.028, -4.95605, 4.95605, 
87800, 0.028, -4.95895, 4.95895, 
87900, 0.028, -4.97722, 4.97722, 
88000, 0.028, -4.97527, 4.97527, 
88100, 0.028, -4.96147, 4.96147, 
88200, 0.028, -4.95637, 4.95637, 
88300, 0.028, -4.96928, 4.96928, 
88400, 0.028, -4.97578, 4.97578, 
88500, 0.028, -4.96757, 4.96757, 
88600, 0.028, -4.95858, 4.95858, 
88700, 0.028, -4.96688, 4.96688, 
88800, 0.028, -4.97564, 4.97564, 
88900, 0.028, -4.97111, 4.97111, 
89000, 0.028, -4.96107, 4.96107, 
89100, 0.028, -4.96304, 4.96304, 
89200, 0.028, -4.97125, 4.97125, 
89300, 0.028, -4.9728, 4.9728, 
89400, 0.028, -4.96406, 4.96406, 
89500, 0.028, -4.96058, 4.96058, 
89600, 0.028, -4.96778, 4.96778, 
89700, 0.028, -4.9733, 4.9733, 
89800, 0.028, -4.96847, 4.96847, 
89900, 0.028, -4.96266, 4.96266, 
90000, 0.032, -6.46275, 6.46275, 
90100, 0.032, -5.50424, 5.50424, 
90200, 0.032, -4.80591, 4.80591, 
90300, 0.032, -4.99603, 4.99603, 
90400, 0.032, -5.93798, 5.93798, 
90500, 0.032, -5.74531, 5.74531, 
90600, 0.032, -5.16902, 5.16902, 
90700, 0.032, -4.82945, 4.82945, 
90800, 0.032, -5.46407, 5.46407, 
90900, 0.032, -5.77695, 5.77695, 
91000, 0.032, -5.46804, 5.46804, 
91100, 0.032, -5.02434, 5.02434, 
91200, 0.032, -5.34081, 5.34081, 
91300, 0.032, -5.6853, 5.6853, 
91400, 0.032, -5.61398, 5.61398, 
91500, 0.032, -5.18202, 5.18202, 
91600, 0.032, -5.21976, 5.21976, 
91700, 0.032, -5.52548, 5.52548, 
91800, 0.032, -5.62503, 5.62503, 
91900, 0.032, -5.26918, 5.26918, 
92000, 0.032, -5.14012, 5.14012, 
92100, 0.032, -5.40188, 5.40188, 
92200, 0.032, -5.63284, 5.63284, 
92300, 0.032, -5.45378, 5.45378, 
92400, 0.032, -5.19014, 5.19014, 
92500, 0.032, -5.29741, 5.29741, 
92600, 0.032, -5.57214, 5.57214, 
92700, 0.032, -5.55927, 5.55927, 
92800, 0.032, -5.30221, 5.30221, 
92900, 0.032, -5.2313, 5.2313, 
93000, 0.032, -5.42923, 5.42923, 
93100, 0.032, -5.55331, 5.55331, 
93200, 0.032, -5.39776, 5.39776, 
93300, 0.032, -5.25657, 5.25657, 
93400, 0.032, -5.33486, 5.33486, 
93500, 0.032, -5.50682, 5.50682, 
93600, 0.032, -5.46438, 5.46438, 
93700, 0.032, -5.33557, 5.33557, 
93800, 0.032, -5.31588, 5.31588, 
93900, 0.032, -5.45711, 5.45711, 
94000, 0.032, -5.47372, 5.47372, 
94100, 0.032, -5.38726, 5.38726, 
94200, 0.032, -5.31028, 5.31028, 
94300, 0.032, -5.39748, 5.39748, 
94400, 0.032, -5.45573, 5.45573, 
94500, 0.032, -5.41978, 5.41978, 
94600, 0.032, -5.3245, 5.3245, 
94700, 0.032, -5.36926, 5.36926, 
94800, 0.032, -5.44163, 5.44163, 
94900, 0.032, -5.44459, 5.44459, 
95000, 0.032, -5.35984, 5.35984, 
95100, 0.032, -5.36231, 5.36231, 
95200, 0.032, -5.41353, 5.41353, 
95300, 0.032, -5.44705, 5.44705, 
95400, 0.032, -5.39047, 5.39047, 
95500, 0.032, -5.3556, 5.3556, 
95600, 0.032, -5.38037, 5.38037, 
95700, 0.032, -5.4353, 5.4353, 
95800, 0.032, -5.41123, 5.41123, 
95900, 0.032, -5.36849, 5.36849, 
96000, 0.032, -5.37012, 5.37012, 
96100, 0.032, -5.41939, 5.41939, 
96200, 0.032, -5.42368, 5.42368, 
96300, 0.032, -5.39245, 5.39245, 
96400, 0.032, -5.36889, 5.36889, 
96500, 0.032, -5.39913, 5.39913, 
96600, 0.032, -5.4199, 5.4199, 
96700, 0.032, -5.40693, 5.40693, 
96800, 0.032, -5.37326, 5.37326, 
96900, 0.032, -5.38354, 5.38354, 
97000, 0.032, -5.40809, 5.40809, 
97100, 0.032, -5.41375, 5.41375, 
97200, 0.032, -5.38672, 5.38672, 
97300, 0.032, -5.38276, 5.38276, 
97400, 0.032, -5.39979, 5.39979, 
97500, 0.032, -5.4133, 5.4133, 
97600, 0.032, -5.39836, 5.39836, 
97700, 0.032, -5.3851, 5.3851, 
97800, 0.032, -5.39267, 5.39267, 
97900, 0.032, -5.40802, 5.40802, 
98000, 0.032, -5.40203, 5.40203, 
98100, 0.032, -5.38711, 5.38711, 
98200, 0.032, -5.38903, 5.38903, 
98300, 0.032, -5.40272, 5.40272, 
98400, 0.032, -5.40481, 5.40481, 
98500, 0.032, -5.39326, 5.39326, 
98600, 0.032, -5.38834, 5.38834, 
98700, 0.032, -5.39852, 5.39852, 
98800, 0.032, -5.40641, 5.40641, 
98900, 0.032, -5.39889, 5.39889, 
99000, 0.032, -5.38898, 5.38898, 
99100, 0.032, -5.39294, 5.39294, 
99200, 0.032, -5.40262, 5.40262, 
99300, 0.032, -5.40232, 5.40232, 
99400, 0.032, -5.39252, 5.39252, 
99500, 0.032, -5.39011, 5.39011, 
99600, 0.032, -5.39825, 5.39825, 
99700, 0.032, -5.40308, 5.40308, 
99800, 0.032, -5.39713, 5.39713, 
99900, 0.032, -5.39225, 5.39225, 
100000, 0.036, -6.87509, 6.87509, 
100100, 0.036, -5.91525, 5.91525, 
100200, 0.036, -5.17775, 5.17775, 
100300, 0.036, -5.41088, 5.41088, 
100400, 0.036, -6.34094, 6.34094, 
100500, 0.036, -6.13373, 6.13373, 
100600, 0.036, -5.54468, 5.54468, 
100700, 0.036, -5.2627, 5.2627, 
100800, 0.036, -5.85637, 5.85637, 
100900, 0.036, -6.15917, 6.15917, 
101000, 0.036, -5.88009, 5.88009, 
101100, 0.036, -5.42966, 5.42966, 
101200, 0.036, -5.74844, 5.74844, 
101300, 0.036, -6.08303, 6.08303, 
101400, 0.036, -6.01137, 6.01137, 
101500, 0.036, -5.58073, 5.58073, 
101600, 0.036, -5.63218, 5.63218, 
101700, 0.036, -5.91703, 5.91703, 
101800, 0.036, -6.02867, 6.02867, 
101900, 0.036, -5.66615, 5.66615, 
102000, 0.036, -5.53969, 5.53969, 
102100, 0.036, -5.8006, 5.8006, 
102200, 0.036, -6.0474, 6.0474, 
102300, 0.036, -5.82559, 5.82559, 
102400, 0.036, -5.59557, 5.59557, 
102500, 0.036, -5.70676, 5.70676, 
102600, 0.036, -5.99587, 5.99587, 
102700, 0.036, -5.95275, 5.95275, 
102800, 0.036, -5.69681, 5.69681, 
102900, 0.036, -5.62881, 5.62881, 
103000, 0.036, -5.84745, 5.84745, 
103100, 0.036, -5.94203, 5.94203, 
103200, 0.036, -5.7837, 5.7837, 
103300, 0.036, -5.65292, 5.65292, 
103400, 0.036, -5.75331, 5.75331, 
103500, 0.036, -5.90484, 5.90484, 
103600, 0.036, -5.85841, 5.85841, 
103700, 0.036, -5.7338, 5.7338, 
103800, 0.036, -5.73031, 5.73031, 
103900, 0.036, -5.86312, 5.86312, 
104000, 0.036, -5.86995, 5.86995, 
104100, 0.036, -5.7797, 5.7797, 
104200, 0.036, -5.71941, 5.71941, 
104300, 0.036, -5.80324, 5.80324, 
104400, 0.036, -5.84909, 5.84909, 
104500, 0.036, -5.81028, 5.81028, 
104600, 0.036, -5.7289, 5.7289, 
104700, 0.036, -5.77383, 5.77383, 
104800, 0.036, -5.84746, 5.84746, 
104900, 0.036, -5.84148, 5.84148, 
105000, 0.036, -5.75649, 5.75649, 
105100, 0.036, -5.76513, 5.76513, 
105200, 0.036, -5.82725, 5.82725, 
105300, 0.036, -5.84449, 5.84449, 
105400, 0.036, -5.78281, 5.78281, 
105500, 0.036, -5.75495, 5.75495, 
105600, 0.036, -5.78908, 5.78908, 
105700, 0.036, -5.8362, 5.8362, 
105800, 0.036, -5.8079, 5.8079, 
105900, 0.036, -5.76315, 5.76315, 
106000, 0.036, -5.77468, 5.77468, 
106100, 0.036, -5.82551, 5.82551, 
106200, 0.036, -5.82481, 5.82481, 
106300, 0.036, -5.78863, 5.78863, 
106400, 0.036, -5.7728, 5.7728, 
106500, 0.036, -5.80208, 5.80208, 
106600, 0.036, -5.82081, 5.82081, 
106700, 0.036, -5.80386, 5.80386, 
106800, 0.036, -5.7756, 5.7756, 
106900, 0.036, -5.78586, 5.78586, 
107000, 0.036, -5.81002, 5.81002, 
107100, 0.036, -5.80935, 5.80935, 
107200, 0.036, -5.78729, 5.78729, 
107300, 0.036, -5.78635, 5.78635, 
107400, 0.036, -5.80471, 5.80471, 
107500, 0.036, -5.81131, 5.81131, 
107600, 0.036, -5.79713, 5.79713, 
107700, 0.036, -5.78587, 5.78587, 
107800, 0.036, -5.79843, 5.79843, 
107900, 0.036, -5.809, 5.809, 
108000, 0.036, -5.80046, 5.80046, 
108100, 0.036, -5.78429, 5.78429, 
108200, 0.036, -5.79264, 5.79264, 
108300, 0.036, -5.80564, 5.80564, 
108400, 0.036, -5.806, 5.806, 
108500, 0.036, -5.79028, 5.79028, 
108600, 0.036, -5.78991, 5.78991, 
108700, 0.036, -5.80111, 5.80111, 
108800, 0.036, -5.80902, 5.80902, 
108900, 0.036, -5.79766, 5.79766, 
109000, 0.036, -5.79025, 5.79025, 
109100, 0.036, -5.79442, 5.79442, 
109200, 0.036, -5.8042, 5.8042, 
109300, 0.036, -5.80132, 5.80132, 
109400, 0.036, -5.79362, 5.79362, 
109500, 0.036, -5.79172, 5.79172, 
109600, 0.036, -5.80008, 5.80008, 
109700, 0.036, -5.80244, 5.80244, 
109800, 0.036, -5.79744, 5.79744, 
109900, 0.036, -5.79358, 5.79358, 
110000, 0.04, -7.28732, 7.28732, 
110100, 0.04, -6.32567, 6.32567, 
110200, 0.04, -5.59238, 5.59238, 
110300, 0.04, -5.82728, 5.82728, 
110400, 0.04, -6.74768, 6.74768, 
110500, 0.04, -6.53154, 6.53154, 
110600, 0.04, -5.96694, 5.96694, 
110700, 0.04, -5.6647, 5.6647, 
110800, 0.04, -6.27366, 6.27366, 
110900, 0.04, -6.56982, 6.56982, 
111000, 0.04, -6.26958, 6.26958, 
111100, 0.04, -5.84435, 5.84435, 
111200, 0.04, -6.16505, 6.16505, 
111300, 0.04, -6.49661, 6.49661, 
111400, 0.04, -6.41772, 6.41772, 
111500, 0.04, -5.99768, 5.99768, 
111600, 0.04, -6.04461, 6.04461, 
111700, 0.04, -6.34189, 6.34189, 
111800, 0.04, -6.43942, 6.43942, 
111900, 0.04, -6.07271, 6.07271, 
112000, 0.04, -5.94845, 5.94845, 
112100, 0.04, -6.2132, 6.2132, 
112200, 0.04, -6.45454, 6.45454, 
112300, 0.04, -6.23298, 6.23298, 
112400, 0.04, -6.00916, 6.00916, 
112500, 0.04, -6.11736, 6.11736, 
112600, 0.04, -6.40765, 6.40765, 
112700, 0.04, -6.35954, 6.35954, 
112800, 0.04, -6.11121, 6.11121, 
112900, 0.04, -6.05109, 6.05109, 
113000, 0.04, -6.26492, 6.26492, 
113100, 0.04, -6.34381, 6.34381, 
113200, 0.04, -6.18794, 6.18794, 
113300, 0.04, -6.06856, 6.06856, 
113400, 0.04, -6.17047, 6.17047, 
113500, 0.04, -6.31821, 6.31821, 
113600, 0.04, -6.25696, 6.25696, 
113700, 0.04, -6.13708, 6.13708, 
113800, 0.04, -6.15185, 6.15185, 
113900, 0.04, -6.28693, 6.28693, 
114000, 0.04, -6.27288, 6.27288, 
114100, 0.04, -6.18257, 6.18257, 
114200, 0.04, -6.13838, 6.13838, 
114300, 0.04, -6.2236, 6.2236, 
114400, 0.04, -6.25912, 6.25912, 
114500, 0.04, -6.21226, 6.21226, 
114600, 0.04, -6.14011, 6.14011, 
114700, 0.04, -6.18869, 6.18869, 
114800, 0.04, -6.26287, 6.26287, 
114900, 0.04, -6.24428, 6.24428, 
115000, 0.04, -6.16652, 6.16652, 
115100, 0.04, -6.17843, 6.17843, 
115200, 0.04, -6.24638, 6.24638, 
115300, 0.04, -6.25221, 6.25221, 
115400, 0.04, -6.1924, 6.1924, 
115500, 0.04, -6.16519, 6.16519, 
115600, 0.04, -6.2082, 6.2082, 
115700, 0.04, -6.24573, 6.24573, 
115800, 0.04, -6.21598, 6.21598, 
115900, 0.04, -6.17129, 6.17129, 
116000, 0.04, -6.19084, 6.19084, 
116100, 0.04, -6.23651, 6.23651, 
116200, 0.04, -6.23375, 6.23375, 
116300, 0.04, -6.19668, 6.19668, 
116400, 0.04, -6.18926, 6.18926, 
116500, 0.04, -6.216, 6.216, 
116600, 0.04, -6.23115, 6.23115, 
116700, 0.04, -6.21015, 6.21015, 
116800, 0.04, -6.19009, 6.19009, 
116900, 0.04, -6.20101, 6.20101, 
117000, 0.04, -6.22292, 6.22292, 
117100, 0.04, -6.21401, 6.21401, 
117200, 0.04, -6.19762, 6.19762, 
117300, 0.04, -6.19974, 6.19974, 
117400, 0.04, -6.22081, 6.22081, 
117500, 0.04, -6.21898, 6.21898, 
117600, 0.04, -6.20644, 6.20644, 
117700, 0.04, -6.19715, 6.19715, 
117800, 0.04, -6.21416, 6.21416, 
117900, 0.04, -6.21989, 6.21989, 
118000, 0.04, -6.21143, 6.21143, 
118100, 0.04, -6.19434, 6.19434, 
118200, 0.04, -6.20521, 6.20521, 
118300, 0.04, -6.21688, 6.21688, 
118400, 0.04, -6.21748, 6.21748, 
118500, 0.04, -6.2007, 6.2007, 
118600, 0.04, -6.20184, 6.20184, 
118700, 0.04, -6.21273, 6.21273, 
118800, 0.04, -6.21978, 6.21978, 
118900, 0.04, -6.20822, 6.20822, 
119000, 0.04, -6.20298, 6.20298, 
119100, 0.04, -6.20746, 6.20746, 
119200, 0.04, -6.2152, 6.2152, 
119300, 0.04, -6.21089, 6.21089, 
119400, 0.04, -6.20484, 6.20484, 
119500, 0.04, -6.20492, 6.20492, 
119600, 0.04, -6.21243, 6.21243, 
119700, 0.04, -6.21235, 6.21235, 
119800, 0.04, -6.20723, 6.20723, 
119900, 0.04, -6.20544, 6.20544, 
120000, 0.044, -7.62051, 7.62051, 
120100, 0.044, -6.65944, 6.65944, 
120200, 0.044, -5.93319, 5.93319, 
120300, 0.044, -6.18177, 6.18177, 
120400, 0.044, -7.07654, 7.07654, 
120500, 0.044, -6.85187, 6.85187, 
120600, 0.044, -6.30999, 6.30999, 
120700, 0.044, -6.00534, 6.00534, 
120800, 0.044, -6.60198, 6.60198, 
120900, 0.044, -6.90567, 6.90567, 
121000, 0.044, -6.58229, 6.58229, 
121100, 0.044, -6.20217, 6.20217, 
121200, 0.044, -6.50296, 6.50296, 
121300, 0.044, -6.81441, 6.81441, 
121400, 0.044, -6.74953, 6.74953, 
121500, 0.044, -6.36366, 6.36366, 
121600, 0.044, -6.36195, 6.36195, 
121700, 0.044, -6.66359, 6.66359, 
121800, 0.044, -6.7822, 6.7822, 
121900, 0.044, -6.40671, 6.40671, 
122000, 0.044, -6.32, 6.32, 
122100, 0.044, -6.53275, 6.53275, 
122200, 0.044, -6.74322, 6.74322, 
122300, 0.044, -6.5952, 6.5952, 
122400, 0.044, -6.37989, 6.37989, 
122500, 0.044, -6.43553, 6.43553, 
122600, 0.044, -6.67021, 6.67021, 
122700, 0.044, -6.66717, 6.66717, 
122800, 0.044, -6.53271, 6.53271, 
122900, 0.044, -6.42606, 6.42606, 
123000, 0.044, -6.56291, 6.56291, 
123100, 0.044, -6.6433, 6.6433, 
123200, 0.044, -6.56783, 6.56783, 
123300, 0.044, -6.45625, 6.45625, 
123400, 0.044, -6.48656, 6.48656, 
123500, 0.044, -6.59922, 6.59922, 
123600, 0.044, -6.58944, 6.58944, 
123700, 0.044, -6.50183, 6.50183, 
123800, 0.044, -6.47609, 6.47609, 
123900, 0.044, -6.57497, 6.57497, 
124000, 0.044, -6.60361, 6.60361, 
124100, 0.044, -6.56218, 6.56218, 
124200, 0.044, -6.50357, 6.50357, 
124300, 0.044, -6.5447, 6.5447, 
124400, 0.044, -6.59549, 6.59549, 
124500, 0.044, -6.56328, 6.56328, 
124600, 0.044, -6.49192, 6.49192, 
124700, 0.044, -6.51618, 6.51618, 
124800, 0.044, -6.58247, 6.58247, 
124900, 0.044, -6.56603, 6.56603, 
125000, 0.044, -6.51294, 6.51294, 
125100, 0.044, -6.5167, 6.5167, 
125200, 0.044, -6.56912, 6.56912, 
125300, 0.044, -6.58289, 6.58289, 
125400, 0.044, -6.54398, 6.54398, 
125500, 0.044, -6.51754, 6.51754, 
125600, 0.044, -6.54797, 6.54797, 
125700, 0.044, -6.5803, 6.5803, 
125800, 0.044, -6.55238, 6.55238, 
125900, 0.044, -6.51549, 6.51549, 
126000, 0.044, -6.52517, 6.52517, 
126100, 0.044, -6.56239, 6.56239, 
126200, 0.044, -6.56215, 6.56215, 
126300, 0.044, -6.53769, 6.53769, 
126400, 0.044, -6.52896, 6.52896, 
126500, 0.044, -6.55167, 6.55167, 
126600, 0.044, -6.56414, 6.56414, 
126700, 0.044, -6.54929, 6.54929, 
126800, 0.044, -6.53591, 6.53591, 
126900, 0.044, -6.54451, 6.54451, 
127000, 0.044, -6.55937, 6.55937, 
127100, 0.044, -6.54622, 6.54622, 
127200, 0.044, -6.53418, 6.53418, 
127300, 0.044, -6.53727, 6.53727, 
127400, 0.044, -6.55671, 6.55671, 
127500, 0.044, -6.55009, 6.55009, 
127600, 0.044, -6.54126, 6.54126, 
127700, 0.044, -6.53745, 6.53745, 
127800, 0.044, -6.55447, 6.55447, 
127900, 0.044, -6.55476, 6.55476, 
128000, 0.044, -6.54744, 6.54744, 
128100, 0.044, -6.53715, 6.53715, 
128200, 0.044, -6.54614, 6.54614, 
128300, 0.044, -6.55216, 6.55216, 
128400, 0.044, -6.54955, 6.54955, 
128500, 0.044, -6.53923, 6.53923, 
128600, 0.044, -6.54178, 6.54178, 
128700, 0.044, -6.54799, 6.54799, 
128800, 0.044, -6.54989, 6.54989, 
128900, 0.044, -6.54527, 6.54527, 
129000, 0.044, -6.54516, 6.54516, 
129100, 0.044, -6.54699, 6.54699, 
129200, 0.044, -6.54947, 6.54947, 
129300, 0.044, -6.54664, 6.54664, 
129400, 0.044, -6.54507, 6.54507, 
129500, 0.044, -6.54462, 6.54462, 
129600, 0.044, -6.54848, 6.54848, 
129700, 0.044, -6.54657, 6.54657, 
129800, 0.044, -6.54469, 6.54469, 
129900, 0.044, -6.54351, 6.54351, 
130000, 0.048, -7.93884, 7.93884, 
130100, 0.048, -6.98171, 6.98171, 
130200, 0.048, -6.26085, 6.26085, 
130300, 0.048, -6.49815, 6.49815, 
130400, 0.048, -7.37989, 7.37989, 
130500, 0.048, -7.1922, 7.1922, 
130600, 0.048, -6.59791, 6.59791, 
130700, 0.048, -6.33367, 6.33367, 
130800, 0.048, -6.93033, 6.93033, 
130900, 0.048, -7.22821, 7.22821, 
131000, 0.048, -6.88085, 6.88085, 
131100, 0.048, -6.50775, 6.50775, 
131200, 0.048, -6.85156, 6.85156, 
131300, 0.048, -7.14653, 7.14653, 
131400, 0.048, -7.04671, 7.04671, 
131500, 0.048, -6.66537, 6.66537, 
131600, 0.048, -6.69528, 6.69528, 
131700, 0.048, -7.01011, 7.01011, 
131800, 0.048, -7.08948, 7.08948, 
131900, 0.048, -6.73824, 6.73824, 
132000, 0.048, -6.61144, 6.61144, 
132100, 0.048, -6.8452, 6.8452, 
132200, 0.048, -7.0954, 7.0954, 
132300, 0.048, -6.90112, 6.90112, 
132400, 0.048, -6.67418, 6.67418, 
132500, 0.048, -6.75133, 6.75133, 
132600, 0.048, -7.00967, 7.00967, 
132700, 0.048, -6.98688, 6.98688, 
132800, 0.048, -6.80715, 6.80715, 
132900, 0.048, -6.73836, 6.73836, 
133000, 0.048, -6.88689, 6.88689, 
133100, 0.048, -6.95769, 6.95769, 
133200, 0.048, -6.87553, 6.87553, 
133300, 0.048, -6.77195, 6.77195, 
133400, 0.048, -6.81462, 6.81462, 
133500, 0.048, -6.92296, 6.92296, 
133600, 0.048, -6.89038, 6.89038, 
133700, 0.048, -6.80793, 6.80793, 
133800, 0.048, -6.8095, 6.8095, 
133900, 0.048, -6.91038, 6.91038, 
134000, 0.048, -6.91152, 6.91152, 
134100, 0.048, -6.84611, 6.84611, 
134200, 0.048, -6.81059, 6.81059, 
134300, 0.048, -6.86969, 6.86969, 
134400, 0.048, -6.90992, 6.90992, 
134500, 0.048, -6.86339, 6.86339, 
134600, 0.048, -6.80919, 6.80919, 
134700, 0.048, -6.83536, 6.83536, 
134800, 0.048, -6.90642, 6.90642, 
134900, 0.048, -6.88093, 6.88093, 
135000, 0.048, -6.8196, 6.8196, 
135100, 0.048, -6.82246, 6.82246, 
135200, 0.048, -6.89933, 6.89933, 
135300, 0.048, -6.90025, 6.90025, 
135400, 0.048, -6.84764, 6.84764, 
135500, 0.048, -6.81913, 6.81913, 
135600, 0.048, -6.86651, 6.86651, 
135700, 0.048, -6.89334, 6.89334, 
135800, 0.048, -6.86524, 6.86524, 
135900, 0.048, -6.82654, 6.82654, 
136000, 0.048, -6.84845, 6.84845, 
136100, 0.048, -6.88048, 6.88048, 
136200, 0.048, -6.87077, 6.87077, 
136300, 0.048, -6.84371, 6.84371, 
136400, 0.048, -6.84981, 6.84981, 
136500, 0.048, -6.8708, 6.8708, 
136600, 0.048, -6.87431, 6.87431, 
136700, 0.048, -6.85483, 6.85483, 
136800, 0.048, -6.84915, 6.84915, 
136900, 0.048, -6.86176, 6.86176, 
137000, 0.048, -6.87427, 6.87427, 
137100, 0.048, -6.85591, 6.85591, 
137200, 0.048, -6.84646, 6.84646, 
137300, 0.048, -6.85462, 6.85462, 
137400, 0.048, -6.87385, 6.87385, 
137500, 0.048, -6.86391, 6.86391, 
137600, 0.048, -6.85263, 6.85263, 
137700, 0.048, -6.85016, 6.85016, 
137800, 0.048, -6.8668, 6.8668, 
137900, 0.048, -6.86933, 6.86933, 
138000, 0.048, -6.86056, 6.86056, 
138100, 0.048, -6.85102, 6.85102, 
138200, 0.048, -6.85852, 6.85852, 
138300, 0.048, -6.86593, 6.86593, 
138400, 0.048, -6.86186, 6.86186, 
138500, 0.048, -6.85403, 6.85403, 
138600, 0.048, -6.85598, 6.85598, 
138700, 0.048, -6.86401, 6.86401, 
138800, 0.048, -6.86329, 6.86329, 
138900, 0.048, -6.85699, 6.85699, 
139000, 0.048, -6.8566, 6.8566, 
139100, 0.048, -6.8628, 6.8628, 
139200, 0.048, -6.86379, 6.86379, 
139300, 0.048, -6.85868, 6.85868, 
139400, 0.048, -6.85664, 6.85664, 
139500, 0.048, -6.85977, 6.85977, 
139600, 0.048, -6.86313, 6.86313, 
139700, 0.048, -6.85993, 6.85993, 
139800, 0.048, -6.85703, 6.85703, 
139900, 0.048, -6.8577, 6.8577, 
140000, 0.052, -8.19946, 8.19946, 
140100, 0.052, -7.26651, 7.26651, 
140200, 0.052, -6.5278, 6.5278, 
140300, 0.052, -6.79729, 6.79729, 
140400, 0.052, -7.65346, 7.65346, 
140500, 0.052, -7.45249, 7.45249, 
140600, 0.052, -6.87482, 6.87482, 
140700, 0.052, -6.65163, 6.65163, 
140800, 0.052, -7.21964, 7.21964, 
140900, 0.052, -7.47339, 7.47339, 
141000, 0.052, -7.11379, 7.11379, 
141100, 0.052, -6.80663, 6.80663, 
141200, 0.052, -7.15591, 7.15591, 
141300, 0.052, -7.43605, 7.43605, 
141400, 0.052, -7.28301, 7.28301, 
141500, 0.052, -6.93329, 6.93329, 
141600, 0.052, -7.01573, 7.01573, 
141700, 0.052, -7.30476, 7.30476, 
141800, 0.052, -7.34325, 7.34325, 
141900, 0.052, -6.97235, 6.97235, 
142000, 0.052, -6.90144, 6.90144, 
142100, 0.052, -7.16088, 7.16088, 
142200, 0.052, -7.36712, 7.36712, 
142300, 0.052, -7.13837, 7.13837, 
142400, 0.052, -6.95072, 6.95072, 
142500, 0.052, -7.04949, 7.04949, 
142600, 0.052, -7.31423, 7.31423, 
142700, 0.052, -7.25524, 7.25524, 
142800, 0.052, -7.08055, 7.08055, 
142900, 0.052, -7.03294, 7.03294, 
143000, 0.052, -7.19011, 7.19011, 
143100, 0.052, -7.22751, 7.22751, 
143200, 0.052, -7.13122, 7.13122, 
143300, 0.052, -7.04914, 7.04914, 
143400, 0.052, -7.12005, 7.12005, 
143500, 0.052, -7.19293, 7.19293, 
143600, 0.052, -7.15216, 7.15216, 
143700, 0.052, -7.08583, 7.08583, 
143800, 0.052, -7.10798, 7.10798, 
143900, 0.052, -7.18595, 7.18595, 
144000, 0.052, -7.19384, 7.19384, 
144100, 0.052, -7.12185, 7.12185, 
144200, 0.052, -7.10027, 7.10027, 
144300, 0.052, -7.15485, 7.15485, 
144400, 0.052, -7.19223, 7.19223, 
144500, 0.052, -7.12692, 7.12692, 
144600, 0.052, -7.09129, 7.09129, 
144700, 0.052, -7.12123, 7.12123, 
144800, 0.052, -7.18543, 7.18543, 
144900, 0.052, -7.15285, 7.15285, 
145000, 0.052, -7.10192, 7.10192, 
145100, 0.052, -7.10495, 7.10495, 
145200, 0.052, -7.18189, 7.18189, 
145300, 0.052, -7.17934, 7.17934, 
145400, 0.052, -7.12811, 7.12811, 
145500, 0.052, -7.10279, 7.10279, 
145600, 0.052, -7.14978, 7.14978, 
145700, 0.052, -7.17099, 7.17099, 
145800, 0.052, -7.14145, 7.14145, 
145900, 0.052, -7.10571, 7.10571, 
146000, 0.052, -7.13136, 7.13136, 
146100, 0.052, -7.16033, 7.16033, 
146200, 0.052, -7.14861, 7.14861, 
146300, 0.052, -7.12084, 7.12084, 
146400, 0.052, -7.13264, 7.13264, 
146500, 0.052, -7.15425, 7.15425, 
146600, 0.052, -7.1568, 7.1568, 
146700, 0.052, -7.13087, 7.13087, 
146800, 0.052, -7.129, 7.129, 
146900, 0.052, -7.14413, 7.14413, 
147000, 0.052, -7.15723, 7.15723, 
147100, 0.052, -7.13374, 7.13374, 
147200, 0.052, -7.12466, 7.12466, 
147300, 0.052, -7.13429, 7.13429, 
147400, 0.052, -7.15382, 7.15382, 
147500, 0.052, -7.14449, 7.14449, 
147600, 0.052, -7.1329, 7.1329, 
147700, 0.052, -7.13135, 7.13135, 
147800, 0.052, -7.14699, 7.14699, 
147900, 0.052, -7.15015, 7.15015, 
148000, 0.052, -7.13915, 7.13915, 
148100, 0.052, -7.13197, 7.13197, 
148200, 0.052, -7.14044, 7.14044, 
148300, 0.052, -7.14731, 7.14731, 
148400, 0.052, -7.13917, 7.13917, 
148500, 0.052, -7.13242, 7.13242, 
148600, 0.052, -7.13722, 7.13722, 
148700, 0.052, -7.1461, 7.1461, 
148800, 0.052, -7.14287, 7.14287, 
148900, 0.052, -7.1358, 7.1358, 
149000, 0.052, -7.13616, 7.13616, 
149100, 0.052, -7.1446, 7.1446, 
149200, 0.052, -7.1454, 7.1454, 
149300, 0.052, -7.13845, 7.13845, 
149400, 0.052, -7.13523, 7.13523, 
149500, 0.052, -7.14069, 7.14069, 
149600, 0.052, -7.14402, 7.14402, 
149700, 0.052, -7.13994, 7.13994, 
149800, 0.052, -7.13601, 7.13601, 
149900, 0.052, -7.13852, 7.13852, 
150000, 0.056, -8.44728, 8.44728, 
150100, 0.056, -7.50464, 7.50464, 
150200, 0.056, -6.77162, 6.77162, 
150300, 0.056, -7.03382, 7.03382, 
150400, 0.056, -7.90611, 7.90611, 
150500, 0.056, -7.6721, 7.6721, 
150600, 0.056, -7.10237, 7.10237, 
150700, 0.056, -6.89391, 6.89391, 
150800, 0.056, -7.47044, 7.47044, 
150900, 0.056, -7.70965, 7.70965, 
151000, 0.056, -7.34039, 7.34039, 
151100, 0.056, -7.03511, 7.03511, 
151200, 0.056, -7.41005, 7.41005, 
151300, 0.056, -7.68009, 7.68009, 
151400, 0.056, -7.5048, 7.5048, 
151500, 0.056, -7.16255, 7.16255, 
151600, 0.056, -7.27468, 7.27468, 
151700, 0.056, -7.56542, 7.56542, 
151800, 0.056, -7.57439, 7.57439, 
151900, 0.056, -7.19733, 7.19733, 
152000, 0.056, -7.13711, 7.13711, 
152100, 0.056, -7.41925, 7.41925, 
152200, 0.056, -7.60607, 7.60607, 
152300, 0.056, -7.35465, 7.35465, 
152400, 0.056, -7.18574, 7.18574, 
152500, 0.056, -7.30286, 7.30286, 
152600, 0.056, -7.56922, 7.56922, 
152700, 0.056, -7.47549, 7.47549, 
152800, 0.056, -7.28297, 7.28297, 
152900, 0.056, -7.26776, 7.26776, 
153000, 0.056, -7.46996, 7.46996, 
153100, 0.056, -7.48932, 7.48932, 
153200, 0.056, -7.33043, 7.33043, 
153300, 0.056, -7.24626, 7.24626, 
153400, 0.056, -7.38184, 7.38184, 
153500, 0.056, -7.47062, 7.47062, 
153600, 0.056, -7.37918, 7.37918, 
153700, 0.056, -7.28285, 7.28285, 
153800, 0.056, -7.36498, 7.36498, 
153900, 0.056, -7.45879, 7.45879, 
154000, 0.056, -7.42101, 7.42101, 
154100, 0.056, -7.31776, 7.31776, 
154200, 0.056, -7.34478, 7.34478, 
154300, 0.056, -7.42077, 7.42077, 
154400, 0.056, -7.43185, 7.43185, 
154500, 0.056, -7.33887, 7.33887, 
154600, 0.056, -7.32109, 7.32109, 
154700, 0.056, -7.37301, 7.37301, 
154800, 0.056, -7.43307, 7.43307, 
154900, 0.056, -7.38163, 7.38163, 
155000, 0.056, -7.32948, 7.32948, 
155100, 0.056, -7.35273, 7.35273, 
155200, 0.056, -7.42766, 7.42766, 
155300, 0.056, -7.40986, 7.40986, 
155400, 0.056, -7.35428, 7.35428, 
155500, 0.056, -7.34597, 7.34597, 
155600, 0.056, -7.39218, 7.39218, 
155700, 0.056, -7.40515, 7.40515, 
155800, 0.056, -7.37194, 7.37194, 
155900, 0.056, -7.34627, 7.34627, 
156000, 0.056, -7.37184, 7.37184, 
156100, 0.056, -7.39969, 7.39969, 
156200, 0.056, -7.38141, 7.38141, 
156300, 0.056, -7.3545, 7.3545, 
156400, 0.056, -7.37234, 7.37234, 
156500, 0.056, -7.39913, 7.39913, 
156600, 0.056, -7.39157, 7.39157, 
156700, 0.056, -7.36325, 7.36325, 
156800, 0.056, -7.36332, 7.36332, 
156900, 0.056, -7.38449, 7.38449, 
157000, 0.056, -7.39545, 7.39545, 
157100, 0.056, -7.37193, 7.37193, 
157200, 0.056, -7.35817, 7.35817, 
157300, 0.056, -7.37381, 7.37381, 
157400, 0.056, -7.39133, 7.39133, 
157500, 0.056, -7.38115, 7.38115, 
157600, 0.056, -7.36681, 7.36681, 
157700, 0.056, -7.37303, 7.37303, 
157800, 0.056, -7.38496, 7.38496, 
157900, 0.056, -7.38548, 7.38548, 
158000, 0.056, -7.37288, 7.37288, 
158100, 0.056, -7.37205, 7.37205, 
158200, 0.056, -7.37816, 7.37816, 
158300, 0.056, -7.38398, 7.38398, 
158400, 0.056, -7.37468, 7.37468, 
158500, 0.056, -7.37054, 7.37054, 
158600, 0.056, -7.37457, 7.37457, 
158700, 0.056, -7.38398, 7.38398, 
158800, 0.056, -7.3794, 7.3794, 
158900, 0.056, -7.37295, 7.37295, 
159000, 0.056, -7.37289, 7.37289, 
159100, 0.056, -7.38195, 7.38195, 
159200, 0.056, -7.38218, 7.38218, 
159300, 0.056, -7.37651, 7.37651, 
159400, 0.056, -7.37214, 7.37214, 
159500, 0.056, -7.37739, 7.37739, 
159600, 0.056, -7.38024, 7.38024, 
159700, 0.056, -7.37817, 7.37817, 
159800, 0.056, -7.37306, 7.37306, 
159900, 0.056, -7.37577, 7.37577, 
160000, 0.06, -8.64013, 8.64013, 
160100, 0.06, -7.69484, 7.69484, 
160200, 0.06, -6.98554, 6.98554, 
160300, 0.06, -7.2364, 7.2364, 
160400, 0.06, -8.11779, 8.11779, 
160500, 0.06, -7.86745, 7.86745, 
160600, 0.06, -7.2903, 7.2903, 
160700, 0.06, -7.10654, 7.10654, 
160800, 0.06, -7.69611, 7.69611, 
160900, 0.06, -7.90359, 7.90359, 
161000, 0.06, -7.52584, 7.52584, 
161100, 0.06, -7.24289, 7.24289, 
161200, 0.06, -7.62803, 7.62803, 
161300, 0.06, -7.89527, 7.89527, 
161400, 0.06, -7.69618, 7.69618, 
161500, 0.06, -7.34326, 7.34326, 
161600, 0.06, -7.48584, 7.48584, 
161700, 0.06, -7.77439, 7.77439, 
161800, 0.06, -7.77309, 7.77309, 
161900, 0.06, -7.39482, 7.39482, 
162000, 0.06, -7.34314, 7.34314, 
162100, 0.06, -7.60639, 7.60639, 
162200, 0.06, -7.81854, 7.81854, 
162300, 0.06, -7.57695, 7.57695, 
162400, 0.06, -7.39426, 7.39426, 
162500, 0.06, -7.5066, 7.5066, 
162600, 0.06, -7.7447, 7.7447, 
162700, 0.06, -7.69462, 7.69462, 
162800, 0.06, -7.51312, 7.51312, 
162900, 0.06, -7.47887, 7.47887, 
163000, 0.06, -7.64178, 7.64178, 
163100, 0.06, -7.68188, 7.68188, 
163200, 0.06, -7.54479, 7.54479, 
163300, 0.06, -7.46904, 7.46904, 
163400, 0.06, -7.5657, 7.5657, 
163500, 0.06, -7.6622, 7.6622, 
163600, 0.06, -7.59544, 7.59544, 
163700, 0.06, -7.50054, 7.50054, 
163800, 0.06, -7.56041, 7.56041, 
163900, 0.06, -7.65416, 7.65416, 
164000, 0.06, -7.63127, 7.63127, 
164100, 0.06, -7.53068, 7.53068, 
164200, 0.06, -7.55167, 7.55167, 
164300, 0.06, -7.61404, 7.61404, 
164400, 0.06, -7.63262, 7.63262, 
164500, 0.06, -7.54763, 7.54763, 
164600, 0.06, -7.52514, 7.52514, 
164700, 0.06, -7.56929, 7.56929, 
164800, 0.06, -7.63486, 7.63486, 
164900, 0.06, -7.59303, 7.59303, 
165000, 0.06, -7.53882, 7.53882, 
165100, 0.06, -7.5541, 7.5541, 
165200, 0.06, -7.62127, 7.62127, 
165300, 0.06, -7.61841, 7.61841, 
165400, 0.06, -7.56484, 7.56484, 
165500, 0.06, -7.55218, 7.55218, 
165600, 0.06, -7.59012, 7.59012, 
165700, 0.06, -7.60783, 7.60783, 
165800, 0.06, -7.57509, 7.57509, 
165900, 0.06, -7.55159, 7.55159, 
166000, 0.06, -7.57384, 7.57384, 
166100, 0.06, -7.60352, 7.60352, 
166200, 0.06, -7.58738, 7.58738, 
166300, 0.06, -7.55859, 7.55859, 
166400, 0.06, -7.57412, 7.57412, 
166500, 0.06, -7.60311, 7.60311, 
166600, 0.06, -7.59803, 7.59803, 
166700, 0.06, -7.56784, 7.56784, 
166800, 0.06, -7.56611, 7.56611, 
166900, 0.06, -7.58705, 7.58705, 
167000, 0.06, -7.59794, 7.59794, 
167100, 0.06, -7.57885, 7.57885, 
167200, 0.06, -7.56208, 7.56208, 
167300, 0.06, -7.57593, 7.57593, 
167400, 0.06, -7.59274, 7.59274, 
167500, 0.06, -7.58725, 7.58725, 
167600, 0.06, -7.57007, 7.57007, 
167700, 0.06, -7.57918, 7.57918, 
167800, 0.06, -7.58835, 7.58835, 
167900, 0.06, -7.58919, 7.58919, 
168000, 0.06, -7.5749, 7.5749, 
168100, 0.06, -7.57682, 7.57682, 
168200, 0.06, -7.58273, 7.58273, 
168300, 0.06, -7.58856, 7.58856, 
168400, 0.06, -7.57753, 7.57753, 
168500, 0.06, -7.57385, 7.57385, 
168600, 0.06, -7.57841, 7.57841, 
168700, 0.06, -7.58744, 7.58744, 
168800, 0.06, -7.58356, 7.58356, 
168900, 0.06, -7.57733, 7.57733, 
169000, 0.06, -7.57708, 7.57708, 
169100, 0.06, -7.58529, 7.58529, 
169200, 0.06, -7.58584, 7.58584, 
169300, 0.06, -7.58056, 7.58056, 
169400, 0.06, -7.57652, 7.57652, 
169500, 0.06, -7.58131, 7.58131, 
169600, 0.06, -7.58344, 7.58344, 
169700, 0.06, -7.58182, 7.58182, 
169800, 0.06, -7.57722, 7.57722, 
169900, 0.06, -7.57991, 7.57991, 
170000, 0.064, -8.81188, 8.81188, 
170100, 0.064, -7.86665, 7.86665, 
170200, 0.064, -7.15276, 7.15276, 
170300, 0.064, -7.41135, 7.41135, 
170400, 0.064, -8.28847, 8.28847, 
170500, 0.064, -8.02748, 8.02748, 
170600, 0.064, -7.45211, 7.45211, 
170700, 0.064, -7.2851, 7.2851, 
170800, 0.064, -7.87195, 7.87195, 
170900, 0.064, -8.06476, 8.06476, 
171000, 0.064, -7.67884, 7.67884, 
171100, 0.064, -7.4117, 7.4117, 
171200, 0.064, -7.81042, 7.81042, 
171300, 0.064, -8.06681, 8.06681, 
171400, 0.064, -7.85606, 7.85606, 
171500, 0.064, -7.50911, 7.50911, 
171600, 0.064, -7.66523, 7.66523, 
171700, 0.064, -7.94793, 7.94793, 
171800, 0.064, -7.93735, 7.93735, 
171900, 0.064, -7.55935, 7.55935, 
172000, 0.064, -7.51906, 7.51906, 
172100, 0.064, -7.77826, 7.77826, 
172200, 0.064, -7.98234, 7.98234, 
172300, 0.064, -7.73303, 7.73303, 
172400, 0.064, -7.58091, 7.58091, 
172500, 0.064, -7.67977, 7.67977, 
172600, 0.064, -7.89227, 7.89227, 
172700, 0.064, -7.86071, 7.86071, 
172800, 0.064, -7.67681, 7.67681, 
172900, 0.064, -7.66355, 7.66355, 
173000, 0.064, -7.79897, 7.79897, 
173100, 0.064, -7.85132, 7.85132, 
173200, 0.064, -7.72113, 7.72113, 
173300, 0.064, -7.67221, 7.67221, 
173400, 0.064, -7.72782, 7.72782, 
173500, 0.064, -7.81457, 7.81457, 
173600, 0.064, -7.75218, 7.75218, 
173700, 0.064, -7.69867, 7.69867, 
173800, 0.064, -7.71219, 7.71219, 
173900, 0.064, -7.80528, 7.80528, 
174000, 0.064, -7.78878, 7.78878, 
174100, 0.064, -7.72222, 7.72222, 
174200, 0.064, -7.71567, 7.71567, 
174300, 0.064, -7.77933, 7.77933, 
174400, 0.064, -7.7925, 7.7925, 
174500, 0.064, -7.73986, 7.73986, 
174600, 0.064, -7.70675, 7.70675, 
174700, 0.064, -7.73359, 7.73359, 
174800, 0.064, -7.78237, 7.78237, 
174900, 0.064, -7.77056, 7.77056, 
175000, 0.064, -7.71557, 7.71557, 
175100, 0.064, -7.71873, 7.71873, 
175200, 0.064, -7.77215, 7.77215, 
175300, 0.064, -7.78881, 7.78881, 
175400, 0.064, -7.73956, 7.73956, 
175500, 0.064, -7.72734, 7.72734, 
175600, 0.064, -7.75051, 7.75051, 
175700, 0.064, -7.77934, 7.77934, 
175800, 0.064, -7.74923, 7.74923, 
175900, 0.064, -7.72623, 7.72623, 
176000, 0.064, -7.73819, 7.73819, 
176100, 0.064, -7.77242, 7.77242, 
176200, 0.064, -7.75605, 7.75605, 
176300, 0.064, -7.72898, 7.72898, 
176400, 0.064, -7.73549, 7.73549, 
176500, 0.064, -7.76669, 7.76669, 
176600, 0.064, -7.76966, 7.76966, 
176700, 0.064, -7.7436, 7.7436, 
176800, 0.064, -7.73276, 7.73276, 
176900, 0.064, -7.75163, 7.75163, 
177000, 0.064, -7.7673, 7.7673, 
177100, 0.064, -7.75328, 7.75328, 
177200, 0.064, -7.73395, 7.73395, 
177300, 0.064, -7.74319, 7.74319, 
177400, 0.064, -7.75819, 7.75819, 
177500, 0.064, -7.75619, 7.75619, 
177600, 0.064, -7.74009, 7.74009, 
177700, 0.064, -7.74552, 7.74552, 
177800, 0.064, -7.75496, 7.75496, 
177900, 0.064, -7.75864, 7.75864, 
178000, 0.064, -7.74536, 7.74536, 
178100, 0.064, -7.74473, 7.74473, 
178200, 0.064, -7.7517, 7.7517, 
178300, 0.064, -7.7581, 7.7581, 
178400, 0.064, -7.74885, 7.74885, 
178500, 0.064, -7.74223, 7.74223, 
178600, 0.064, -7.74667, 7.74667, 
178700, 0.064, -7.75471, 7.75471, 
178800, 0.064, -7.75368, 7.75368, 
178900, 0.064, -7.74587, 7.74587, 
179000, 0.064, -7.74525, 7.74525, 
179100, 0.064, -7.75145, 7.75145, 
179200, 0.064, -7.75567, 7.75567, 
179300, 0.064, -7.75002, 7.75002, 
179400, 0.064, -7.74599, 7.74599, 
179500, 0.064, -7.74924, 7.74924, 
179600, 0.064, -7.75336, 7.75336, 
179700, 0.064, -7.75086, 7.75086, 
179800, 0.064, -7.74669, 7.74669, 
179900, 0.064, -7.74769, 7.74769, 
180000, 0.068, -8.94629, 8.94629, 
180100, 0.068, -8.00371, 8.00371, 
180200, 0.068, -7.28515, 7.28515, 
180300, 0.068, -7.54921, 7.54921, 
180400, 0.068, -8.42558, 8.42558, 
180500, 0.068, -8.15856, 8.15856, 
180600, 0.068, -7.5796, 7.5796, 
180700, 0.068, -7.42734, 7.42734, 
180800, 0.068, -8.0154, 8.0154, 
180900, 0.068, -8.19683, 8.19683, 
181000, 0.068, -7.80003, 7.80003, 
181100, 0.068, -7.54316, 7.54316, 
181200, 0.068, -7.96058, 7.96058, 
181300, 0.068, -8.2242, 8.2242, 
181400, 0.068, -7.97744, 7.97744, 
181500, 0.068, -7.62305, 7.62305, 
181600, 0.068, -7.80917, 7.80917, 
181700, 0.068, -8.09695, 8.09695, 
181800, 0.068, -8.07269, 8.07269, 
181900, 0.068, -7.69754, 7.69754, 
182000, 0.068, -7.65896, 7.65896, 
182100, 0.068, -7.93325, 7.93325, 
182200, 0.068, -8.10048, 8.10048, 
182300, 0.068, -7.83617, 7.83617, 
182400, 0.068, -7.67964, 7.67964, 
182500, 0.068, -7.84523, 7.84523, 
182600, 0.068, -8.06253, 8.06253, 
182700, 0.068, -7.97199, 7.97199, 
182800, 0.068, -7.77847, 7.77847, 
182900, 0.068, -7.80445, 7.80445, 
183000, 0.068, -7.98047, 7.98047, 
183100, 0.068, -8.0102, 8.0102, 
183200, 0.068, -7.83665, 7.83665, 
183300, 0.068, -7.77616, 7.77616, 
183400, 0.068, -7.89355, 7.89355, 
183500, 0.068, -7.96418, 7.96418, 
183600, 0.068, -7.86641, 7.86641, 
183700, 0.068, -7.79572, 7.79572, 
183800, 0.068, -7.87172, 7.87172, 
183900, 0.068, -7.9573, 7.9573, 
184000, 0.068, -7.91762, 7.91762, 
184100, 0.068, -7.82745, 7.82745, 
184200, 0.068, -7.86479, 7.86479, 
184300, 0.068, -7.94054, 7.94054, 
184400, 0.068, -7.93725, 7.93725, 
184500, 0.068, -7.85414, 7.85414, 
184600, 0.068, -7.84024, 7.84024, 
184700, 0.068, -7.88631, 7.88631, 
184800, 0.068, -7.92182, 7.92182, 
184900, 0.068, -7.88205, 7.88205, 
185000, 0.068, -7.84322, 7.84322, 
185100, 0.068, -7.86901, 7.86901, 
185200, 0.068, -7.9166, 7.9166, 
185300, 0.068, -7.90629, 7.90629, 
185400, 0.068, -7.86952, 7.86952, 
185500, 0.068, -7.87496, 7.87496, 
185600, 0.068, -7.902, 7.902, 
185700, 0.068, -7.90454, 7.90454, 
185800, 0.068, -7.87812, 7.87812, 
185900, 0.068, -7.86648, 7.86648, 
186000, 0.068, -7.88581, 7.88581, 
186100, 0.068, -7.90148, 7.90148, 
186200, 0.068, -7.88227, 7.88227, 
186300, 0.068, -7.86191, 7.86191, 
186400, 0.068, -7.87784, 7.87784, 
186500, 0.068, -7.90311, 7.90311, 
186600, 0.068, -7.89857, 7.89857, 
186700, 0.068, -7.87807, 7.87807, 
186800, 0.068, -7.87638, 7.87638, 
186900, 0.068, -7.89171, 7.89171, 
187000, 0.068, -7.89617, 7.89617, 
187100, 0.068, -7.88661, 7.88661, 
187200, 0.068, -7.87488, 7.87488, 
187300, 0.068, -7.88364, 7.88364, 
187400, 0.068, -7.88993, 7.88993, 
187500, 0.068, -7.88587, 7.88587, 
187600, 0.068, -7.875, 7.875, 
187700, 0.068, -7.88531, 7.88531, 
187800, 0.068, -7.89087, 7.89087, 
187900, 0.068, -7.88965, 7.88965, 
188000, 0.068, -7.88119, 7.88119, 
188100, 0.068, -7.88499, 7.88499, 
188200, 0.068, -7.88876, 7.88876, 
188300, 0.068, -7.89052, 7.89052, 
188400, 0.068, -7.88357, 7.88357, 
188500, 0.068, -7.88083, 7.88083, 
188600, 0.068, -7.88448, 7.88448, 
188700, 0.068, -7.88799, 7.88799, 
188800, 0.068, -7.88526, 7.88526, 
188900, 0.068, -7.88248, 7.88248, 
189000, 0.068, -7.88403, 7.88403, 
189100, 0.068, -7.88636, 7.88636, 
189200, 0.068, -7.88728, 7.88728, 
189300, 0.068, -7.88616, 7.88616, 
189400, 0.068, -7.88548, 7.88548, 
189500, 0.068, -7.88575, 7.88575, 
189600, 0.068, -7.88628, 7.88628, 
189700, 0.068, -7.88567, 7.88567, 
189800, 0.068, -7.88496, 7.88496, 
189900, 0.068, -7.88431, 7.88431, 
190000, 0.072, -9.04779, 9.04779, 
190100, 0.072, -8.10784, 8.10784, 
190200, 0.072, -7.39213, 7.39213, 
190300, 0.072, -7.66221, 7.66221, 
190400, 0.072, -8.52652, 8.52652, 
190500, 0.072, -8.25356, 8.25356, 
190600, 0.072, -7.68026, 7.68026, 
190700, 0.072, -7.54128, 7.54128, 
190800, 0.072, -8.12608, 8.12608, 
190900, 0.072, -8.29265, 8.29265, 
191000, 0.072, -7.88879, 7.88879, 
191100, 0.072, -7.64836, 7.64836, 
191200, 0.072, -8.07143, 8.07143, 
191300, 0.072, -8.33144, 8.33144, 
191400, 0.072, -8.07272, 8.07272, 
191500, 0.072, -7.72674, 7.72674, 
191600, 0.072, -7.92444, 7.92444, 
191700, 0.072, -8.20778, 8.20778, 
191800, 0.072, -8.17509, 8.17509, 
191900, 0.072, -7.79474, 7.79474, 
192000, 0.072, -7.77076, 7.77076, 
192100, 0.072, -8.04374, 8.04374, 
192200, 0.072, -8.19187, 8.19187, 
192300, 0.072, -7.92815, 7.92815, 
192400, 0.072, -7.79585, 7.79585, 
192500, 0.072, -7.95442, 7.95442, 
192600, 0.072, -8.15696, 8.15696, 
192700, 0.072, -8.06963, 8.06963, 
192800, 0.072, -7.88156, 7.88156, 
192900, 0.072, -7.92383, 7.92383, 
193000, 0.072, -8.08881, 8.08881, 
193100, 0.072, -8.11034, 8.11034, 
193200, 0.072, -7.93462, 7.93462, 
193300, 0.072, -7.89369, 7.89369, 
193400, 0.072, -8.00041, 8.00041, 
193500, 0.072, -8.06151, 8.06151, 
193600, 0.072, -7.97557, 7.97557, 
193700, 0.072, -7.90862, 7.90862, 
193800, 0.072, -7.98481, 7.98481, 
193900, 0.072, -8.05462, 8.05462, 
194000, 0.072, -8.00135, 8.00135, 
194100, 0.072, -7.92269, 7.92269, 
194200, 0.072, -7.97006, 7.97006, 
194300, 0.072, -8.03864, 8.03864, 
194400, 0.072, -8.02993, 8.02993, 
194500, 0.072, -7.96335, 7.96335, 
194600, 0.072, -7.95343, 7.95343, 
194700, 0.072, -7.99685, 7.99685, 
194800, 0.072, -8.02026, 8.02026, 
194900, 0.072, -7.99106, 7.99106, 
195000, 0.072, -7.95071, 7.95071, 
195100, 0.072, -7.9777, 7.9777, 
195200, 0.072, -8.00768, 8.00768, 
195300, 0.072, -8.00537, 8.00537, 
195400, 0.072, -7.96979, 7.96979, 
195500, 0.072, -7.98211, 7.98211, 
195600, 0.072, -7.99563, 7.99563, 
195700, 0.072, -8.00527, 8.00527, 
195800, 0.072, -7.98214, 7.98214, 
195900, 0.072, -7.97891, 7.97891, 
196000, 0.072, -7.98975, 7.98975, 
196100, 0.072, -8.00437, 8.00437, 
196200, 0.072, -7.98543, 7.98543, 
196300, 0.072, -7.97227, 7.97227, 
196400, 0.072, -7.98054, 7.98054, 
196500, 0.072, -7.99999, 7.99999, 
196600, 0.072, -7.99491, 7.99491, 
196700, 0.072, -7.98515, 7.98515, 
196800, 0.072, -7.98109, 7.98109, 
196900, 0.072, -7.99195, 7.99195, 
197000, 0.072, -7.99289, 7.99289, 
197100, 0.072, -7.99171, 7.99171, 
197200, 0.072, -7.98271, 7.98271, 
197300, 0.072, -7.98987, 7.98987, 
197400, 0.072, -7.99088, 7.99088, 
197500, 0.072, -7.98983, 7.98983, 
197600, 0.072, -7.98065, 7.98065, 
197700, 0.072, -7.98803, 7.98803, 
197800, 0.072, -7.99094, 7.99094, 
197900, 0.072, -7.99052, 7.99052, 
198000, 0.072, -7.98525, 7.98525, 
198100, 0.072, -7.98816, 7.98816, 
198200, 0.072, -7.9904, 7.9904, 
198300, 0.072, -7.99049, 7.99049, 
198400, 0.072, -7.98859, 7.98859, 
198500, 0.072, -7.98663, 7.98663, 
198600, 0.072, -7.98875, 7.98875, 
198700, 0.072, -7.98854, 7.98854, 
198800, 0.072, -7.98922, 7.98922, 
198900, 0.072, -7.98726, 7.98726, 
199000, 0.072, -7.98835, 7.98835, 
199100, 0.072, -7.98677, 7.98677, 
199200, 0.072, -7.98848, 7.98848, 
199300, 0.072, -7.98888, 7.98888, 
199400, 0.072, -7.99019, 7.99019, 
199500, 0.072, -7.98787, 7.98787, 
199600, 0.072, -7.98799, 7.98799, 
199700, 0.072, -7.98842, 7.98842, 
199800, 0.072, -7.99019, 7.99019, 
199900, 0.072, -7.98804, 7.98804, 
200000, 0.076, -9.12079, 9.12079, 
200100, 0.076, -8.18083, 8.18083, 
200200, 0.076, -7.45873, 7.45873, 
200300, 0.076, -7.73632, 7.73632, 
200400, 0.076, -8.58874, 8.58874, 
200500, 0.076, -8.3278, 8.3278, 
200600, 0.076, -7.76213, 7.76213, 
200700, 0.076, -7.63252, 7.63252, 
200800, 0.076, -8.21959, 8.21959, 
200900, 0.076, -8.35891, 8.35891, 
201000, 0.076, -7.95558, 7.95558, 
201100, 0.076, -7.7222, 7.7222, 
201200, 0.076, -8.13785, 8.13785, 
201300, 0.076, -8.40632, 8.40632, 
201400, 0.076, -8.13824, 8.13824, 
201500, 0.076, -7.79209, 7.79209, 
201600, 0.076, -8.00521, 8.00521, 
201700, 0.076, -8.29461, 8.29461, 
201800, 0.076, -8.24786, 8.24786, 
201900, 0.076, -7.86688, 7.86688, 
202000, 0.076, -7.8543, 7.8543, 
202100, 0.076, -8.13061, 8.13061, 
202200, 0.076, -8.26034, 8.26034, 
202300, 0.076, -7.9939, 7.9939, 
202400, 0.076, -7.87154, 7.87154, 
202500, 0.076, -8.04535, 8.04535, 
202600, 0.076, -8.23983, 8.23983, 
202700, 0.076, -8.12049, 8.12049, 
202800, 0.076, -7.94175, 7.94175, 
202900, 0.076, -8.01463, 8.01463, 
203000, 0.076, -8.17471, 8.17471, 
203100, 0.076, -8.15147, 8.15147, 
203200, 0.076, -7.97864, 7.97864, 
203300, 0.076, -7.97498, 7.97498, 
203400, 0.076, -8.09813, 8.09813, 
203500, 0.076, -8.13628, 8.13628, 
203600, 0.076, -8.02107, 8.02107, 
203700, 0.076, -7.97589, 7.97589, 
203800, 0.076, -8.07651, 8.07651, 
203900, 0.076, -8.149, 8.149, 
204000, 0.076, -8.06961, 8.06961, 
204100, 0.076, -7.99059, 7.99059, 
204200, 0.076, -8.05988, 8.05988, 
204300, 0.076, -8.13461, 8.13461, 
204400, 0.076, -8.09013, 8.09013, 
204500, 0.076, -8.01253, 8.01253, 
204600, 0.076, -8.02759, 8.02759, 
204700, 0.076, -8.09022, 8.09022, 
204800, 0.076, -8.08198, 8.08198, 
204900, 0.076, -8.04346, 8.04346, 
205000, 0.076, -8.03109, 8.03109, 
205100, 0.076, -8.07523, 8.07523, 
205200, 0.076, -8.08487, 8.08487, 
205300, 0.076, -8.06299, 8.06299, 
205400, 0.076, -8.03834, 8.03834, 
205500, 0.076, -8.07588, 8.07588, 
205600, 0.076, -8.08792, 8.08792, 
205700, 0.076, -8.06509, 8.06509, 
205800, 0.076, -8.03844, 8.03844, 
205900, 0.076, -8.05726, 8.05726, 
206000, 0.076, -8.07638, 8.07638, 
206100, 0.076, -8.06993, 8.06993, 
206200, 0.076, -8.04739, 8.04739, 
206300, 0.076, -8.04988, 8.04988, 
206400, 0.076, -8.06929, 8.06929, 
206500, 0.076, -8.07392, 8.07392, 
206600, 0.076, -8.0586, 8.0586, 
206700, 0.076, -8.05764, 8.05764, 
206800, 0.076, -8.07052, 8.07052, 
206900, 0.076, -8.0711, 8.0711, 
207000, 0.076, -8.0564, 8.0564, 
207100, 0.076, -8.05728, 8.05728, 
207200, 0.076, -8.0661, 8.0661, 
207300, 0.076, -8.0694, 8.0694, 
207400, 0.076, -8.05824, 8.05824, 
207500, 0.076, -8.05335, 8.05335, 
207600, 0.076, -8.06063, 8.06063, 
207700, 0.076, -8.07023, 8.07023, 
207800, 0.076, -8.06596, 8.06596, 
207900, 0.076, -8.05693, 8.05693, 
208000, 0.076, -8.06046, 8.06046, 
208100, 0.076, -8.06849, 8.06849, 
208200, 0.076, -8.0683, 8.0683, 
208300, 0.076, -8.05834, 8.05834, 
208400, 0.076, -8.05949, 8.05949, 
208500, 0.076, -8.06488, 8.06488, 
208600, 0.076, -8.06675, 8.06675, 
208700, 0.076, -8.05846, 8.05846, 
208800, 0.076, -8.05838, 8.05838, 
208900, 0.076, -8.06374, 8.06374, 
209000, 0.076, -8.06707, 8.06707, 
209100, 0.076, -8.06101, 8.06101, 
209200, 0.076, -8.05925, 8.05925, 
209300, 0.076, -8.06339, 8.06339, 
209400, 0.076, -8.06807, 8.06807, 
209500, 0.076, -8.06354, 8.06354, 
209600, 0.076, -8.05888, 8.05888, 
209700, 0.076, -8.06071, 8.06071, 
209800, 0.076, -8.06652, 8.06652, 
209900, 0.076, -8.06453, 8.06453, 
210000, 0.08, -9.16525, 9.16525, 
210100, 0.08, -8.22474, 8.22474, 
210200, 0.08, -7.50892, 7.50892, 
210300, 0.08, -7.78974, 7.78974, 
210400, 0.08, -8.63189, 8.63189, 
210500, 0.08, -8.36338, 8.36338, 
210600, 0.08, -7.79684, 7.79684, 
210700, 0.08, -7.67313, 7.67313, 
210800, 0.08, -8.24675, 8.24675, 
210900, 0.08, -8.33379, 8.33379, 
211000, 0.08, -7.85732, 7.85732, 
211100, 0.08, -7.46904, 7.46904, 
211200, 0.08, -7.66761, 7.66761, 
211300, 0.08, -7.62468, 7.62468, 
211400, 0.08, -7.30155, 7.30155, 
211500, 0.08, -7.10482, 7.10482, 
211600, 0.08, -7.58844, 7.58844, 
211700, 0.08, -8.01432, 8.01432, 
211800, 0.08, -7.98815, 7.98815, 
211900, 0.08, -7.54378, 7.54378, 
212000, 0.08, -7.52259, 7.52259, 
212100, 0.08, -7.64635, 7.64635, 
212200, 0.08, -7.5999, 7.5999, 
212300, 0.08, -7.22639, 7.22639, 
212400, 0.08, -7.24281, 7.24281, 
212500, 0.08, -7.56123, 7.56123, 
212600, 0.08, -7.8452, 7.8452, 
212700, 0.08, -7.74124, 7.74124, 
212800, 0.08, -7.5649, 7.5649, 
212900, 0.08, -7.552, 7.552, 
213000, 0.08, -7.60346, 7.60346, 
213100, 0.08, -7.4769, 7.4769, 
213200, 0.08, -7.28231, 7.28231, 
213300, 0.08, -7.35401, 7.35401, 
213400, 0.08, -7.55964, 7.55964, 
213500, 0.08, -7.65776, 7.65776, 
213600, 0.08, -7.56421, 7.56421, 
213700, 0.08, -7.50919, 7.50919, 
213800, 0.08, -7.52243, 7.52243, 
213900, 0.08, -7.53646, 7.53646, 
214000, 0.08, -7.39362, 7.39362, 
214100, 0.08, -7.30333, 7.30333, 
214200, 0.08, -7.31178, 7.31178, 
214300, 0.08, -7.2541, 7.2541, 
214400, 0.08, -6.90795, 6.90795, 
214500, 0.08, -6.16689, 6.16689, 
214600, 0.08, -5.05363, 5.05363, 
214700, 0.08, -3.86777, 3.86777, 
214800, 0.08, -2.3291, 2.3291, 
214900, 0.08, -1.7614, 1.7614, 
215000, 0.08, -1.75812, 1.75812, 
215100, 0.08, -2.10856, 2.10856, 
215200, 0.08, -2.88975, 2.88975, 
215300, 0.08, -3.64129, 3.64129, 
215400, 0.08, -3.48461, 3.48461, 
215500, 0.08, -3.30204, 3.30204, 
215600, 0.08, -3.3148, 3.3148, 
215700, 0.08, -3.06204, 3.06204, 
215800, 0.08, -2.48268, 2.48268, 
215900, 0.08, -2.94351, 2.94351, 
216000, 0.08, -2.45977, 2.45977, 
216100, 0.08, -2.41606, 2.41606, 
216200, 0.08, -1.90418, 1.90418, 
216300, 0.08, -2.62679, 2.62679, 
216400, 0.08, -2.89409, 2.89409, 
216500, 0.08, -3.89426, 3.89426, 
216600, 0.08, -4.23512, 4.23512, 
216700, 0.08, -3.77681, 3.77681, 
216800, 0.08, -3.78824, 3.78824, 
216900, 0.08, -3.84689, 3.84689, 
217000, 0.08, -4.18756, 4.18756, 
217100, 0.08, -4.7585, 4.7585, 
217200, 0.08, -3.85859, 3.85859, 
217300, 0.08, -4.29812, 4.29812, 
217400, 0.08, -4.22585, 4.22585, 
217500, 0.08, -4.26853, 4.26853, 
217600, 0.08, -4.10841, 4.10841, 
217700, 0.08, -3.58905, 3.58905, 
217800, 0.08, -3.23716, 3.23716, 
217900, 0.08, -3.27065, 3.27065, 
218000, 0.08, -3.33518, 3.33518, 
218100, 0.08, -3.45885, 3.45885, 
218200, 0.08, -3.55076, 3.55076, 
218300, 0.08, -3.49496, 3.49496, 
218400, 0.08, -3.65801, 3.65801, 
218500, 0.08, -3.42943, 3.42943, 
218600, 0.08, -3.4981, 3.4981, 
218700, 0.08, -3.72531, 3.72531, 
218800, 0.08, -3.71119, 3.71119, 
218900, 0.08, -3.85612, 3.85612, 
219000, 0.08, -3.69599, 3.69599, 
219100, 0.08, -3.61381, 3.61381, 
219200, 0.08, -3.81963, 3.81963, 
219300, 0.08, -3.67616, 3.67616, 
219400, 0.08, -3.82519, 3.82519, 
219500, 0.08, -3.55143, 3.55143, 
219600, 0.08, -3.64729, 3.64729, 
219700, 0.08, -3.70527, 3.70527, 
219800, 0.08, -3.73439, 3.73439, 
219900, 0.08, -3.69466, 3.69466, 
220000, 0.084, -5.15414, 5.15414, 
220100, 0.084, -3.9919, 3.9919, 
220200, 0.084, -3.38121, 3.38121, 
220300, 0.084, -3.62101, 3.62101, 
220400, 0.084, -4.30055, 4.30055, 
220500, 0.084, -4.18754, 4.18754, 
220600, 0.084, -3.72199, 3.72199, 
220700, 0.084, -3.47363, 3.47363, 
220800, 0.084, -3.4673, 3.4673, 
220900, 0.084, -3.13898, 3.13898, 
221000, 0.084, -3.00972, 3.00972, 
221100, 0.084, -3.01534, 3.01534, 
221200, 0.084, -3.26772, 3.26772, 
221300, 0.084, -3.49104, 3.49104, 
221400, 0.084, -3.53036, 3.53036, 
221500, 0.084, -3.6923, 3.6923, 
221600, 0.084, -3.86786, 3.86786, 
221700, 0.084, -4.00637, 4.00637, 
221800, 0.084, -4.12665, 4.12665, 
221900, 0.084, -4.10672, 4.10672, 
222000, 0.084, -3.98894, 3.98894, 
222100, 0.084, -4.12078, 4.12078, 
222200, 0.084, -4.15748, 4.15748, 
222300, 0.084, -4.08763, 4.08763, 
222400, 0.084, -4.0138, 4.0138, 
222500, 0.084, -4.07204, 4.07204, 
222600, 0.084, -4.15491, 4.15491, 
222700, 0.084, -3.90572, 3.90572, 
222800, 0.084, -4.05078, 4.05078, 
222900, 0.084, -4.01984, 4.01984, 
223000, 0.084, -4.23223, 4.23223, 
223100, 0.084, -4.08367, 4.08367, 
223200, 0.084, -4.02832, 4.02832, 
223300, 0.084, -4.21954, 4.21954, 
223400, 0.084, -4.30089, 4.30089, 
223500, 0.084, -4.30244, 4.30244, 
223600, 0.084, -3.99301, 3.99301, 
223700, 0.084, -4.00101, 4.00101, 
223800, 0.084, -4.02466, 4.02466, 
223900, 0.084, -3.97896, 3.97896, 
224000, 0.084, -3.73189, 3.73189, 
224100, 0.084, -3.91818, 3.91818, 
224200, 0.084, -4.04937, 4.04937, 
224300, 0.084, -4.27098, 4.27098, 
224400, 0.084, -4.29835, 4.29835, 
224500, 0.084, -4.38583, 4.38583, 
224600, 0.084, -4.57273, 4.57273, 
224700, 0.084, -4.77122, 4.77122, 
224800, 0.084, -4.68984, 4.68984, 
224900, 0.084, -4.50283, 4.50283, 
225000, 0.084, -4.38957, 4.38957, 
225100, 0.084, -4.2137, 4.2137, 
225200, 0.084, -4.32906, 4.32906, 
225300, 0.084, -4.27009, 4.27009, 
225400, 0.084, -4.37767, 4.37767, 
225500, 0.084, -4.22458, 4.22458, 
225600, 0.084, -4.22557, 4.22557, 
225700, 0.084, -4.08417, 4.08417, 
225800, 0.084, -4.11869, 4.11869, 
225900, 0.084, -4.08323, 4.08323, 
226000, 0.084, -4.05553, 4.05553, 
226100, 0.084, -4.09752, 4.09752, 
226200, 0.084, -4.2222, 4.2222, 
226300, 0.084, -4.13199, 4.13199, 
226400, 0.084, -4.04961, 4.04961, 
226500, 0.084, -4.05318, 4.05318, 
226600, 0.084, -4.1076, 4.1076, 
226700, 0.084, -4.16336, 4.16336, 
226800, 0.084, -4.18605, 4.18605, 
226900, 0.084, -4.20667, 4.20667, 
227000, 0.084, -4.25747, 4.25747, 
227100, 0.084, -4.25746, 4.25746, 
227200, 0.084, -4.32418, 4.32418, 
227300, 0.084, -4.33235, 4.33235, 
227400, 0.084, -4.34754, 4.34754, 
227500, 0.084, -4.27334, 4.27334, 
227600, 0.084, -4.25294, 4.25294, 
227700, 0.084, -4.20384, 4.20384, 
227800, 0.084, -4.18117, 4.18117, 
227900, 0.084, -4.20186, 4.20186, 
228000, 0.084, -4.2175, 4.2175, 
228100, 0.084, -4.16163, 4.16163, 
228200, 0.084, -4.13144, 4.13144, 
228300, 0.084, -4.13147, 4.13147, 
228400, 0.084, -4.22409, 4.22409, 
228500, 0.084, -4.23858, 4.23858, 
228600, 0.084, -4.29286, 4.29286, 
228700, 0.084, -4.33896, 4.33896, 
228800, 0.084, -4.38908, 4.38908, 
228900, 0.084, -4.37947, 4.37947, 
229000, 0.084, -4.37503, 4.37503, 
229100, 0.084, -4.38835, 4.38835, 
229200, 0.084, -4.31993, 4.31993, 
229300, 0.084, -4.26677, 4.26677, 
229400, 0.084, -4.2361, 4.2361, 
229500, 0.084, -4.2547, 4.2547, 
229600, 0.084, -4.24375, 4.24375, 
229700, 0.084, -4.25281, 4.25281, 
229800, 0.084, -4.23942, 4.23942, 
229900, 0.084, -4.26367, 4.26367, 
230000, 0.088, -5.5863, 5.5863, 
230100, 0.088, -4.60642, 4.60642, 
230200, 0.088, -4.12643, 4.12643, 
230300, 0.088, -4.39443, 4.39443, 
230400, 0.088, -4.96203, 4.96203, 
230500, 0.088, -4.58004, 4.58004, 
230600, 0.088, -4.30152, 4.30152, 
230700, 0.088, -4.4088, 4.4088, 
230800, 0.088, -4.77637, 4.77637, 
230900, 0.088, -4.64306, 4.64306, 
231000, 0.088, -4.51928, 4.51928, 
231100, 0.088, -4.52101, 4.52101, 
231200, 0.088, -4.65135, 4.65135, 
231300, 0.088, -4.72562, 4.72562, 
231400, 0.088, -4.57172, 4.57172, 
231500, 0.088, -4.55155, 4.55155, 
231600, 0.088, -4.65744, 4.65744, 
231700, 0.088, -4.69388, 4.69388, 
231800, 0.088, -4.64597, 4.64597, 
231900, 0.088, -4.59841, 4.59841, 
232000, 0.088, -4.62204, 4.62204, 
232100, 0.088, -4.63819, 4.63819, 
232200, 0.088, -4.69641, 4.69641, 
232300, 0.088, -4.62805, 4.62805, 
232400, 0.088, -4.62555, 4.62555, 
232500, 0.088, -4.63499, 4.63499, 
232600, 0.088, -4.66422, 4.66422, 
232700, 0.088, -4.70146, 4.70146, 
232800, 0.088, -4.58681, 4.58681, 
232900, 0.088, -4.63655, 4.63655, 
233000, 0.088, -4.65226, 4.65226, 
233100, 0.088, -4.64524, 4.64524, 
233200, 0.088, -4.62839, 4.62839, 
233300, 0.088, -4.59894, 4.59894, 
233400, 0.088, -4.65294, 4.65294, 
233500, 0.088, -4.69728, 4.69728, 
233600, 0.088, -4.65121, 4.65121, 
233700, 0.088, -4.63375, 4.63375, 
233800, 0.088, -4.63227, 4.63227, 
233900, 0.088, -4.68408, 4.68408, 
234000, 0.088, -4.66643, 4.66643, 
234100, 0.088, -4.62415, 4.62415, 
234200, 0.088, -4.62712, 4.62712, 
234300, 0.088, -4.63261, 4.63261, 
234400, 0.088, -4.64847, 4.64847, 
234500, 0.088, -4.61168, 4.61168, 
234600, 0.088, -4.61133, 4.61133, 
234700, 0.088, -4.62139, 4.62139, 
234800, 0.088, -4.63402, 4.63402, 
234900, 0.088, -4.61176, 4.61176, 
235000, 0.088, -4.61753, 4.61753, 
235100, 0.088, -4.63027, 4.63027, 
235200, 0.088, -4.63253, 4.63253, 
235300, 0.088, -4.62611, 4.62611, 
235400, 0.088, -4.60605, 4.60605, 
235500, 0.088, -4.61713, 4.61713, 
235600, 0.088, -4.62639, 4.62639, 
235700, 0.088, -4.63307, 4.63307, 
235800, 0.088, -4.61392, 4.61392, 
235900, 0.088, -4.60959, 4.60959, 
236000, 0.088, -4.62548, 4.62548, 
236100, 0.088, -4.61834, 4.61834, 
236200, 0.088, -4.61491, 4.61491, 
236300, 0.088, -4.60937, 4.60937, 
236400, 0.088, -4.61544, 4.61544, 
236500, 0.088, -4.60697, 4.60697, 
236600, 0.088, -4.60772, 4.60772, 
236700, 0.088, -4.59894, 4.59894, 
236800, 0.088, -4.59013, 4.59013, 
236900, 0.088, -4.59277, 4.59277, 
237000, 0.088, -4.56483, 4.56483, 
237100, 0.088, -4.56503, 4.56503, 
237200, 0.088, -4.52744, 4.52744, 
237300, 0.088, -4.49535, 4.49535, 
237400, 0.088, -4.45926, 4.45926, 
237500, 0.088, -4.41867, 4.41867, 
237600, 0.088, -4.32687, 4.32687, 
237700, 0.088, -4.22813, 4.22813, 
237800, 0.088, -4.11692, 4.11692, 
237900, 0.088, -3.98104, 3.98104, 
238000, 0.088, -3.94264, 3.94264, 
238100, 0.088, -4.01877, 4.01877, 
238200, 0.088, -4.49631, 4.49631, 
238300, 0.088, -4.13917, 4.13917, 
238400, 0.088, -4.01317, 4.01317, 
238500, 0.088, -3.97214, 3.97214, 
238600, 0.088, -4.11706, 4.11706, 
238700, 0.088, -3.95759, 3.95759, 
238800, 0.088, -4.06442, 4.06442, 
238900, 0.088, -4.0552, 4.0552, 
239000, 0.088, -4.09361, 4.09361, 
239100, 0.088, -3.77561, 3.77561, 
239200, 0.088, -3.95085, 3.95085, 
239300, 0.088, -4.10568, 4.10568, 
239400, 0.088, -4.25099, 4.25099, 
239500, 0.088, -4.21313, 4.21313, 
239600, 0.088, -4.0791, 4.0791, 
239700, 0.088, -4.04886, 4.04886, 
239800, 0.088, -4.06629, 4.06629, 
239900, 0.088, -3.99971, 3.99971, 
240000, 0.092, -5.16531, 5.16531, 
