step, strain, right, left, 
0, 0, -24.5709, 24.5709, 
100, 0, -14.8922, 14.8922, 
200, 0, -3.29534, 3.29534, 
300, 0, 6.95529, -6.95529, 
400, 0, -17.4038, 17.4038, 
500, 0, -3.69411, 3.69411, 
600, 0, -2.12338, 2.12338, 
700, 0, 0.807461, -0.807461, 
800, 0, 0.783533, -0.783533, 
900, 0, -11.8642, 11.8642, 
1000, 0, -5.81314, 5.81314, 
1100, 0, 1.41617, -1.41617, 
1200, 0, 0.429683, -0.429683, 
1300, 0, -9.53216, 9.53216, 
1400, 0, -5.02573, 5.02573, 
1500, 0, -2.42974, 2.42974, 
1600, 0, 2.00075, -2.00075, 
1700, 0, -3.34231, 3.34231, 
1800, 0, -8.5731, 8.5731, 
1900, 0, -3.64687, 3.64687, 
2000, 0, -0.645266, 0.645266, 
2100, 0, -0.858497, 0.858497, 
2200, 0, -9.19821, 9.19821, 
2300, 0, -1.6466, 1.6466, 
2400, 0, -3.9421, 3.9421, 
2500, 0, -4.29428, 4.29428, 
2600, 0, -3.15282, 3.15282, 
2700, 0, -6.28356, 6.28356, 
2800, 0, -3.12423, 3.12423, 
2900, 0, -1.95381, 1.95381, 
3000, 0, -2.56129, 2.56129, 
3100, 0, -5.16274, 5.16274, 
3200, 0, -5.41159, 5.41159, 
3300, 0, -4.99473, 4.99473, 
3400, 0, 0.121168, -0.121168, 
3500, 0, -1.99527, 1.99527, 
3600, 0, -6.96976, 6.96976, 
3700, 0, -10.3376, 10.3376, 
3800, 0, -1.27799, 1.27799, 
3900, 0, -0.910204, 0.910204, 
4000, 0, -6.7213, 6.7213, 
4100, 0, -7.64092, 7.64092, 
4200, 0, -7.92999, 7.92999, 
4300, 0, 2.37132, -2.37132, 
4400, 0, -3.21825, 3.21825, 
4500, 0, -10.9864, 10.9864, 
4600, 0, -7.48599, 7.48599, 
4700, 0, -2.15434, 2.15434, 
4800, 0, -2.58675, 2.58675, 
4900, 0, -7.89167, 7.89167, 
5000, 0, -7.23071, 7.23071, 
5100, 0, -6.02808, 6.02808, 
5200, 0, 1.66366, -1.66366, 
5300, 0, -0.272594, 0.272594, 
5400, 0, -6.94175, 6.94175, 
5500, 0, -3.69743, 3.69743, 
5600, 0, 1.20764, -1.20764, 
5700, 0, -2.30694, 2.30694, 
5800, 0, -3.6047, 3.6047, 
5900, 0, -4.27993, 4.27993, 
6000, 0, -5.9815, 5.9815, 
6100, 0, -1.86002, 1.86002, 
6200, 0, 1.65866, -1.65866, 
6300, 0, -7.89384, 7.89384, 
6400, 0, -8.68751, 8.68751, 
6500, 0, -0.605092, 0.605092, 
6600, 0, -1.52103, 1.52103, 
6700, 0, -4.28183, 4.28183, 
6800, 0, -5.99249, 5.99249, 
6900, 0, -8.10758, 8.10758, 
7000, 0, -1.83233, 1.83233, 
7100, 0, -1.11884, 1.11884, 
7200, 0, -1.77447, 1.77447, 
7300, 0, -6.97478, 6.97478, 
7400, 0, 0.776742, -0.776742, 
7500, 0, 0.982353, -0.982353, 
7600, 0, -3.12494, 3.12494, 
7700, 0, -5.06429, 5.06429, 
7800, 0, -8.59718, 8.59718, 
7900, 0, -3.77204, 3.77204, 
8000, 0, -5.2187, 5.2187, 
8100, 0, -4.09043, 4.09043, 
8200, 0, -7.98678, 7.98678, 
8300, 0, -6.0889, 6.0889, 
8400, 0, -2.86404, 2.86404, 
8500, 0, -3.80465, 3.80465, 
8600, 0, -6.27665, 6.27665, 
8700, 0, -6.41136, 6.41136, 
8800, 0, -4.74608, 4.74608, 
8900, 0, -2.63698, 2.63698, 
9000, 0, -3.06333, 3.06333, 
9100, 0, -2.52118, 2.52118, 
9200, 0, -5.34447, 5.34447, 
9300, 0, -1.83384, 1.83384, 
9400, 0, 0.279776, -0.279776, 
9500, 0, -4.20119, 4.20119, 
9600, 0, -6.66646, 6.66646, 
9700, 0, -1.34888, 1.34888, 
9800, 0, -2.31113, 2.31113, 
9900, 0, -1.73275, 1.73275, 
10000, 0, -2.6677, 2.6677, 
10100, 0, -4.02919, 4.02919, 
10200, 0, -1.72502, 1.72502, 
10300, 0, 1.00055, -1.00055, 
10400, 0, -3.50247, 3.50247, 
10500, 0, -8.08801, 8.08801, 
10600, 0, -3.48283, 3.48283, 
10700, 0, -3.44573, 3.44573, 
10800, 0, -0.0724708, 0.0724708, 
10900, 0, -10.3444, 10.3444, 
11000, 0, -3.3019, 3.3019, 
11100, 0, -1.32142, 1.32142, 
11200, 0, -1.84511, 1.84511, 
11300, 0, -5.11361, 5.11361, 
11400, 0, -5.53287, 5.53287, 
11500, 0, -1.52764, 1.52764, 
11600, 0, -3.45961, 3.45961, 
11700, 0, -3.85749, 3.85749, 
11800, 0, -5.4381, 5.4381, 
11900, 0, -4.98988, 4.98988, 
12000, 0, -1.7988, 1.7988, 
12100, 0, -0.138094, 0.138094, 
12200, 0, -3.11003, 3.11003, 
12300, 0, -8.9035, 8.9035, 
12400, 0, -1.92144, 1.92144, 
12500, 0, -3.98032, 3.98032, 
12600, 0, -5.92327, 5.92327, 
12700, 0, -5.79969, 5.79969, 
12800, 0, -8.50917, 8.50917, 
12900, 0, -5.68546, 5.68546, 
13000, 0, -0.324163, 0.324163, 
13100, 0, -4.98916, 4.98916, 
13200, 0, -2.5846, 2.5846, 
13300, 0, -4.81547, 4.81547, 
13400, 0, -2.34162, 2.34162, 
13500, 0, 0.821983, -0.821983, 
13600, 0, -6.53988, 6.53988, 
13700, 0, -4.60777, 4.60777, 
13800, 0, -1.96918, 1.96918, 
13900, 0, -3.21159, 3.21159, 
14000, 0, 1.00819, -1.00819, 
14100, 0, -2.48238, 2.48238, 
14200, 0, -4.27421, 4.27421, 
14300, 0, -0.792142, 0.792142, 
14400, 0, -3.27244, 3.27244, 
14500, 0, -6.54969, 6.54969, 
14600, 0, -3.87196, 3.87196, 
14700, 0, -6.11362, 6.11362, 
14800, 0, -4.59339, 4.59339, 
14900, 0, -1.84632, 1.84632, 
15000, 0, -8.61347, 8.61347, 
15100, 0, -2.27071, 2.27071, 
15200, 0, -0.95771, 0.95771, 
15300, 0, -4.67948, 4.67948, 
15400, 0, 0.427038, -0.427038, 
15500, 0, -11.7639, 11.7639, 
15600, 0, -1.2914, 1.2914, 
15700, 0, -3.88537, 3.88537, 
15800, 0, -0.915683, 0.915683, 
15900, 0, -5.63955, 5.63955, 
16000, 0, -2.23104, 2.23104, 
16100, 0, -6.11679, 6.11679, 
16200, 0, -1.75365, 1.75365, 
16300, 0, -1.15239, 1.15239, 
16400, 0, -8.34174, 8.34174, 
16500, 0, -5.0323, 5.0323, 
16600, 0, -2.65656, 2.65656, 
16700, 0, -2.75556, 2.75556, 
16800, 0, -3.75412, 3.75412, 
16900, 0, -7.84685, 7.84685, 
17000, 0, -3.65999, 3.65999, 
17100, 0, -1.44844, 1.44844, 
17200, 0, -5.38017, 5.38017, 
17300, 0, -2.98148, 2.98148, 
17400, 0, -8.05082, 8.05082, 
17500, 0, -4.41934, 4.41934, 
17600, 0, -1.19618, 1.19618, 
17700, 0, 2.47676, -2.47676, 
17800, 0, -10.46, 10.46, 
17900, 0, 4.57114, -4.57114, 
18000, 0, -1.63089, 1.63089, 
18100, 0, -2.83476, 2.83476, 
18200, 0, -1.38869, 1.38869, 
18300, 0, -2.82232, 2.82232, 
18400, 0, -3.62805, 3.62805, 
18500, 0, -2.23312, 2.23312, 
18600, 0, -3.10511, 3.10511, 
18700, 0, -6.01312, 6.01312, 
18800, 0, -3.02919, 3.02919, 
18900, 0, -4.0644, 4.0644, 
19000, 0, -2.42692, 2.42692, 
19100, 0, -5.17837, 5.17837, 
19200, 0, -6.22281, 6.22281, 
19300, 0, -4.98806, 4.98806, 
19400, 0, -5.03225, 5.03225, 
19500, 0, -4.30675, 4.30675, 
19600, 0, -2.16805, 2.16805, 
19700, 0, -4.71601, 4.71601, 
19800, 0, -0.761196, 0.761196, 
19900, 0, -0.178033, 0.178033, 
20000, -0.002, -0.949691, 0.949691, 
20100, -0.002, -6.1702, 6.1702, 
20200, -0.002, -3.6006, 3.6006, 
20300, -0.002, -0.638157, 0.638157, 
20400, -0.002, -5.32672, 5.32672, 
20500, -0.002, -4.40853, 4.40853, 
20600, -0.002, -6.78446, 6.78446, 
20700, -0.002, -5.2018, 5.2018, 
20800, -0.002, -1.22549, 1.22549, 
20900, -0.002, -6.72235, 6.72235, 
21000, -0.002, -4.28314, 4.28314, 
21100, -0.002, -2.61978, 2.61978, 
21200, -0.002, -3.28932, 3.28932, 
21300, -0.002, -3.29042, 3.29042, 
21400, -0.002, -5.2654, 5.2654, 
21500, -0.002, 0.881209, -0.881209, 
21600, -0.002, -5.60631, 5.60631, 
21700, -0.002, -3.54681, 3.54681, 
21800, -0.002, -0.840763, 0.840763, 
21900, -0.002, -0.33603, 0.33603, 
22000, -0.002, -2.98821, 2.98821, 
22100, -0.002, -1.84681, 1.84681, 
22200, -0.002, -0.108097, 0.108097, 
22300, -0.002, -0.957056, 0.957056, 
22400, -0.002, -3.50783, 3.50783, 
22500, -0.002, -4.77796, 4.77796, 
22600, -0.002, -1.9996, 1.9996, 
22700, -0.002, -3.08124, 3.08124, 
22800, -0.002, -1.74159, 1.74159, 
22900, -0.002, -2.64836, 2.64836, 
23000, -0.002, -4.69321, 4.69321, 
23100, -0.002, -3.02983, 3.02983, 
23200, -0.002, -4.9171, 4.9171, 
23300, -0.002, -6.46468, 6.46468, 
23400, -0.002, -4.35654, 4.35654, 
23500, -0.002, -1.15556, 1.15556, 
23600, -0.002, -5.36781, 5.36781, 
23700, -0.002, -4.05307, 4.05307, 
23800, -0.002, -1.06879, 1.06879, 
23900, -0.002, -3.06257, 3.06257, 
24000, -0.002, -4.68033, 4.68033, 
24100, -0.002, -1.68466, 1.68466, 
24200, -0.002, -2.50498, 2.50498, 
24300, -0.002, -3.54591, 3.54591, 
24400, -0.002, -3.46565, 3.46565, 
24500, -0.002, 0.690079, -0.690079, 
24600, -0.002, -2.93519, 2.93519, 
24700, -0.002, -3.46253, 3.46253, 
24800, -0.002, -6.50105, 6.50105, 
24900, -0.002, -3.06541, 3.06541, 
25000, -0.002, -3.56208, 3.56208, 
25100, -0.002, -3.82067, 3.82067, 
25200, -0.002, -4.70653, 4.70653, 
25300, -0.002, -4.3983, 4.3983, 
25400, -0.002, -1.0343, 1.0343, 
25500, -0.002, -2.49216, 2.49216, 
25600, -0.002, -3.89341, 3.89341, 
25700, -0.002, -2.62435, 2.62435, 
25800, -0.002, -3.52379, 3.52379, 
25900, -0.002, 2.69559, -2.69559, 
26000, -0.002, -5.08231, 5.08231, 
26100, -0.002, -4.00793, 4.00793, 
26200, -0.002, -0.0433525, 0.0433525, 
26300, -0.002, -1.32237, 1.32237, 
26400, -0.002, -3.46835, 3.46835, 
26500, -0.002, -4.06008, 4.06008, 
26600, -0.002, -2.35715, 2.35715, 
26700, -0.002, -1.22484, 1.22484, 
26800, -0.002, -2.8901, 2.8901, 
26900, -0.002, -7.86464, 7.86464, 
27000, -0.002, -5.10385, 5.10385, 
27100, -0.002, -6.38172, 6.38172, 
27200, -0.002, -1.63586, 1.63586, 
27300, -0.002, -4.66549, 4.66549, 
27400, -0.002, -5.07249, 5.07249, 
27500, -0.002, -2.15264, 2.15264, 
27600, -0.002, -3.9291, 3.9291, 
27700, -0.002, 0.507948, -0.507948, 
27800, -0.002, -5.58955, 5.58955, 
27900, -0.002, -3.21198, 3.21198, 
28000, -0.002, -2.82976, 2.82976, 
28100, -0.002, -2.48909, 2.48909, 
28200, -0.002, -3.05507, 3.05507, 
28300, -0.002, -5.08048, 5.08048, 
28400, -0.002, -3.83221, 3.83221, 
28500, -0.002, -3.59691, 3.59691, 
28600, -0.002, -1.48473, 1.48473, 
28700, -0.002, -2.06611, 2.06611, 
28800, -0.002, -4.59404, 4.59404, 
28900, -0.002, -3.55066, 3.55066, 
29000, -0.002, -5.30581, 5.30581, 
29100, -0.002, -2.6457, 2.6457, 
29200, -0.002, -4.4665, 4.4665, 
29300, -0.002, -1.46568, 1.46568, 
29400, -0.002, -3.51057, 3.51057, 
29500, -0.002, -3.67138, 3.67138, 
29600, -0.002, -2.02885, 2.02885, 
29700, -0.002, -2.73117, 2.73117, 
29800, -0.002, -3.76973, 3.76973, 
29900, -0.002, -2.91593, 2.91593, 
30000, -0.004, -1.80953, 1.80953, 
30100, -0.004, -0.616867, 0.616867, 
30200, -0.004, -5.30448, 5.30448, 
30300, -0.004, -0.77626, 0.77626, 
30400, -0.004, -1.07544, 1.07544, 
30500, -0.004, 2.34143, -2.34143, 
30600, -0.004, -3.11909, 3.11909, 
30700, -0.004, -4.18813, 4.18813, 
30800, -0.004, -2.70179, 2.70179, 
30900, -0.004, -2.94983, 2.94983, 
31000, -0.004, -5.66805, 5.66805, 
31100, -0.004, -2.39607, 2.39607, 
31200, -0.004, -6.09865, 6.09865, 
31300, -0.004, -2.1191, 2.1191, 
31400, -0.004, -5.30378, 5.30378, 
31500, -0.004, -4.52846, 4.52846, 
31600, -0.004, -4.89545, 4.89545, 
31700, -0.004, -5.11457, 5.11457, 
31800, -0.004, 1.93414, -1.93414, 
31900, -0.004, -6.15642, 6.15642, 
32000, -0.004, -1.73172, 1.73172, 
32100, -0.004, -0.243374, 0.243374, 
32200, -0.004, -2.89169, 2.89169, 
32300, -0.004, -0.413975, 0.413975, 
32400, -0.004, -0.853527, 0.853527, 
32500, -0.004, -5.00906, 5.00906, 
32600, -0.004, -4.97258, 4.97258, 
32700, -0.004, -0.707745, 0.707745, 
32800, -0.004, -6.59748, 6.59748, 
32900, -0.004, -3.25321, 3.25321, 
33000, -0.004, -6.25892, 6.25892, 
33100, -0.004, 1.25046, -1.25046, 
33200, -0.004, -2.95501, 2.95501, 
33300, -0.004, -4.5976, 4.5976, 
33400, -0.004, -0.276075, 0.276075, 
33500, -0.004, -3.73995, 3.73995, 
33600, -0.004, -1.05789, 1.05789, 
33700, -0.004, -1.51959, 1.51959, 
33800, -0.004, -4.13662, 4.13662, 
33900, -0.004, -3.33558, 3.33558, 
34000, -0.004, -1.67596, 1.67596, 
34100, -0.004, -0.843028, 0.843028, 
34200, -0.004, -1.23659, 1.23659, 
34300, -0.004, -4.17699, 4.17699, 
34400, -0.004, -0.73608, 0.73608, 
34500, -0.004, -2.0096, 2.0096, 
34600, -0.004, -2.91013, 2.91013, 
34700, -0.004, -4.19742, 4.19742, 
34800, -0.004, -7.58874, 7.58874, 
34900, -0.004, -0.220861, 0.220861, 
35000, -0.004, -2.41065, 2.41065, 
35100, -0.004, -4.85608, 4.85608, 
35200, -0.004, -3.78976, 3.78976, 
35300, -0.004, -5.29973, 5.29973, 
35400, -0.004, -2.07621, 2.07621, 
35500, -0.004, -1.8517, 1.8517, 
35600, -0.004, -4.12474, 4.12474, 
35700, -0.004, -4.65103, 4.65103, 
35800, -0.004, -3.31411, 3.31411, 
35900, -0.004, -1.12648, 1.12648, 
36000, -0.004, -3.64763, 3.64763, 
36100, -0.004, -4.07203, 4.07203, 
36200, -0.004, -2.87654, 2.87654, 
36300, -0.004, -2.57268, 2.57268, 
36400, -0.004, -2.21175, 2.21175, 
36500, -0.004, -3.1229, 3.1229, 
36600, -0.004, -3.03027, 3.03027, 
36700, -0.004, -2.62968, 2.62968, 
36800, -0.004, -1.35832, 1.35832, 
36900, -0.004, -1.63803, 1.63803, 
37000, -0.004, -4.81352, 4.81352, 
37100, -0.004, -4.08733, 4.08733, 
37200, -0.004, -0.308153, 0.308153, 
37300, -0.004, -3.40924, 3.40924, 
37400, -0.004, -3.92565, 3.92565, 
37500, -0.004, -5.05625, 5.05625, 
37600, -0.004, -4.23424, 4.23424, 
37700, -0.004, -0.728495, 0.728495, 
37800, -0.004, -4.6574, 4.6574, 
37900, -0.004, -1.09816, 1.09816, 
38000, -0.004, -0.0547537, 0.0547537, 
38100, -0.004, -3.26103, 3.26103, 
38200, -0.004, 1.01128, -1.01128, 
38300, -0.004, -4.01695, 4.01695, 
38400, -0.004, -2.71218, 2.71218, 
38500, -0.004, -4.96747, 4.96747, 
38600, -0.004, -2.50641, 2.50641, 
38700, -0.004, -3.41047, 3.41047, 
38800, -0.004, -3.50057, 3.50057, 
38900, -0.004, -4.99417, 4.99417, 
39000, -0.004, -4.58211, 4.58211, 
39100, -0.004, -2.2022, 2.2022, 
39200, -0.004, -4.14965, 4.14965, 
39300, -0.004, -6.23501, 6.23501, 
39400, -0.004, -3.30472, 3.30472, 
39500, -0.004, -4.55824, 4.55824, 
39600, -0.004, -2.88167, 2.88167, 
39700, -0.004, -2.64336, 2.64336, 
39800, -0.004, -3.49158, 3.49158, 
39900, -0.004, -2.1937, 2.1937, 
40000, -0.006, -1.24771, 1.24771, 
40100, -0.006, -1.38192, 1.38192, 
40200, -0.006, -2.84211, 2.84211, 
40300, -0.006, -2.56282, 2.56282, 
40400, -0.006, -3.88533, 3.88533, 
40500, -0.006, -0.931506, 0.931506, 
40600, -0.006, -2.35354, 2.35354, 
40700, -0.006, -4.69186, 4.69186, 
40800, -0.006, -1.47673, 1.47673, 
40900, -0.006, 1.86966, -1.86966, 
41000, -0.006, -3.24806, 3.24806, 
41100, -0.006, -3.61505, 3.61505, 
41200, -0.006, -1.12542, 1.12542, 
41300, -0.006, -1.98804, 1.98804, 
41400, -0.006, -3.72076, 3.72076, 
41500, -0.006, -3.44702, 3.44702, 
41600, -0.006, -2.18679, 2.18679, 
41700, -0.006, -2.56339, 2.56339, 
41800, -0.006, -1.36612, 1.36612, 
41900, -0.006, -2.58128, 2.58128, 
42000, -0.006, -0.0874618, 0.0874618, 
42100, -0.006, -5.35198, 5.35198, 
42200, -0.006, -2.44029, 2.44029, 
42300, -0.006, -2.22655, 2.22655, 
42400, -0.006, -3.13911, 3.13911, 
42500, -0.006, -4.16485, 4.16485, 
42600, -0.006, -2.17337, 2.17337, 
42700, -0.006, -2.13899, 2.13899, 
42800, -0.006, -1.55765, 1.55765, 
42900, -0.006, -5.10785, 5.10785, 
43000, -0.006, -3.46957, 3.46957, 
43100, -0.006, -4.93464, 4.93464, 
43200, -0.006, -4.76525, 4.76525, 
43300, -0.006, -3.92934, 3.92934, 
43400, -0.006, -2.70494, 2.70494, 
43500, -0.006, -3.56387, 3.56387, 
43600, -0.006, -4.14193, 4.14193, 
43700, -0.006, -4.7096, 4.7096, 
43800, -0.006, -0.103746, 0.103746, 
43900, -0.006, -3.99918, 3.99918, 
44000, -0.006, -3.90847, 3.90847, 
44100, -0.006, -0.848172, 0.848172, 
44200, -0.006, -1.34739, 1.34739, 
44300, -0.006, -3.14409, 3.14409, 
44400, -0.006, 0.754249, -0.754249, 
44500, -0.006, -3.72624, 3.72624, 
44600, -0.006, 0.0252417, -0.0252417, 
44700, -0.006, -1.33371, 1.33371, 
44800, -0.006, -3.06317, 3.06317, 
44900, -0.006, -3.27695, 3.27695, 
45000, -0.006, -2.76002, 2.76002, 
45100, -0.006, -2.99357, 2.99357, 
45200, -0.006, -3.9329, 3.9329, 
45300, -0.006, -2.19145, 2.19145, 
45400, -0.006, -4.28957, 4.28957, 
45500, -0.006, 0.468176, -0.468176, 
45600, -0.006, 0.311836, -0.311836, 
45700, -0.006, -1.81279, 1.81279, 
45800, -0.006, -3.74257, 3.74257, 
45900, -0.006, -3.92299, 3.92299, 
46000, -0.006, -0.990317, 0.990317, 
46100, -0.006, -4.11514, 4.11514, 
46200, -0.006, -4.11194, 4.11194, 
46300, -0.006, -2.11785, 2.11785, 
46400, -0.006, -1.17553, 1.17553, 
46500, -0.006, -2.79992, 2.79992, 
46600, -0.006, -2.80806, 2.80806, 
46700, -0.006, -3.13317, 3.13317, 
46800, -0.006, -4.37994, 4.37994, 
46900, -0.006, -4.28098, 4.28098, 
47000, -0.006, -2.24678, 2.24678, 
47100, -0.006, -4.7033, 4.7033, 
47200, -0.006, -4.81383, 4.81383, 
47300, -0.006, -2.2676, 2.2676, 
47400, -0.006, -3.49926, 3.49926, 
47500, -0.006, -2.15769, 2.15769, 
47600, -0.006, -4.12375, 4.12375, 
47700, -0.006, -2.15117, 2.15117, 
47800, -0.006, -0.711664, 0.711664, 
47900, -0.006, -3.24982, 3.24982, 
48000, -0.006, -2.35799, 2.35799, 
48100, -0.006, -2.93625, 2.93625, 
48200, -0.006, -2.04009, 2.04009, 
48300, -0.006, 0.319985, -0.319985, 
48400, -0.006, -3.32205, 3.32205, 
48500, -0.006, 0.855166, -0.855166, 
48600, -0.006, -3.658, 3.658, 
48700, -0.006, -3.18479, 3.18479, 
48800, -0.006, -2.00289, 2.00289, 
48900, -0.006, -3.39353, 3.39353, 
49000, -0.006, -3.30594, 3.30594, 
49100, -0.006, -0.685906, 0.685906, 
49200, -0.006, -1.29444, 1.29444, 
49300, -0.006, -3.78627, 3.78627, 
49400, -0.006, -2.30732, 2.30732, 
49500, -0.006, -4.92299, 4.92299, 
49600, -0.006, -3.36033, 3.36033, 
49700, -0.006, -1.7749, 1.7749, 
49800, -0.006, -3.70024, 3.70024, 
49900, -0.006, -1.31907, 1.31907, 
50000, -0.008, -2.81099, 2.81099, 
50100, -0.008, -1.44043, 1.44043, 
50200, -0.008, -2.16986, 2.16986, 
50300, -0.008, -0.674747, 0.674747, 
50400, -0.008, -4.71875, 4.71875, 
50500, -0.008, -2.85323, 2.85323, 
50600, -0.008, -4.14635, 4.14635, 
50700, -0.008, -2.02049, 2.02049, 
50800, -0.008, -5.48287, 5.48287, 
50900, -0.008, -0.961007, 0.961007, 
51000, -0.008, -2.8939, 2.8939, 
51100, -0.008, -4.07481, 4.07481, 
51200, -0.008, -3.45186, 3.45186, 
51300, -0.008, -2.04562, 2.04562, 
51400, -0.008, -3.88792, 3.88792, 
51500, -0.008, -0.164908, 0.164908, 
51600, -0.008, -6.19404, 6.19404, 
51700, -0.008, -0.0258255, 0.0258255, 
51800, -0.008, -0.782424, 0.782424, 
51900, -0.008, 0.0608282, -0.0608282, 
52000, -0.008, -4.59083, 4.59083, 
52100, -0.008, 4.18701, -4.18701, 
52200, -0.008, -5.12905, 5.12905, 
52300, -0.008, 0.988234, -0.988234, 
52400, -0.008, -3.77259, 3.77259, 
52500, -0.008, -1.60183, 1.60183, 
52600, -0.008, -0.254987, 0.254987, 
52700, -0.008, -4.20066, 4.20066, 
52800, -0.008, -3.36222, 3.36222, 
52900, -0.008, -1.12161, 1.12161, 
53000, -0.008, -0.475006, 0.475006, 
53100, -0.008, -2.47171, 2.47171, 
53200, -0.008, -1.62128, 1.62128, 
53300, -0.008, -3.13428, 3.13428, 
53400, -0.008, -3.64373, 3.64373, 
53500, -0.008, -0.337792, 0.337792, 
53600, -0.008, -2.78806, 2.78806, 
53700, -0.008, -4.45876, 4.45876, 
53800, -0.008, 0.0137706, -0.0137706, 
53900, -0.008, -4.11983, 4.11983, 
54000, -0.008, -0.652774, 0.652774, 
54100, -0.008, -1.73628, 1.73628, 
54200, -0.008, -3.12364, 3.12364, 
54300, -0.008, -4.77488, 4.77488, 
54400, -0.008, -1.46548, 1.46548, 
54500, -0.008, -2.40219, 2.40219, 
54600, -0.008, -5.40199, 5.40199, 
54700, -0.008, -0.400221, 0.400221, 
54800, -0.008, -1.33178, 1.33178, 
54900, -0.008, -4.72085, 4.72085, 
55000, -0.008, -2.21679, 2.21679, 
55100, -0.008, -5.66797, 5.66797, 
55200, -0.008, -1.96592, 1.96592, 
55300, -0.008, -1.39832, 1.39832, 
55400, -0.008, -4.11111, 4.11111, 
55500, -0.008, -1.01512, 1.01512, 
55600, -0.008, -1.27246, 1.27246, 
55700, -0.008, -1.03655, 1.03655, 
55800, -0.008, -0.154784, 0.154784, 
55900, -0.008, -1.4491, 1.4491, 
56000, -0.008, -3.359, 3.359, 
56100, -0.008, 0.37316, -0.37316, 
56200, -0.008, -3.08139, 3.08139, 
56300, -0.008, -3.55418, 3.55418, 
56400, -0.008, -3.13738, 3.13738, 
56500, -0.008, -2.10765, 2.10765, 
56600, -0.008, -1.49721, 1.49721, 
56700, -0.008, 0.839159, -0.839159, 
56800, -0.008, -3.57552, 3.57552, 
56900, -0.008, -4.35195, 4.35195, 
57000, -0.008, -0.931989, 0.931989, 
57100, -0.008, -3.17234, 3.17234, 
57200, -0.008, -3.68572, 3.68572, 
57300, -0.008, -2.03748, 2.03748, 
57400, -0.008, -3.20882, 3.20882, 
57500, -0.008, -2.17447, 2.17447, 
57600, -0.008, -2.16448, 2.16448, 
57700, -0.008, -3.20469, 3.20469, 
57800, -0.008, -4.62705, 4.62705, 
57900, -0.008, -3.59727, 3.59727, 
58000, -0.008, -2.53578, 2.53578, 
58100, -0.008, 0.0898148, -0.0898148, 
58200, -0.008, -5.60034, 5.60034, 
58300, -0.008, -0.11199, 0.11199, 
58400, -0.008, -2.83796, 2.83796, 
58500, -0.008, -3.58627, 3.58627, 
58600, -0.008, -2.41338, 2.41338, 
58700, -0.008, -4.43429, 4.43429, 
58800, -0.008, -1.47114, 1.47114, 
58900, -0.008, -3.76191, 3.76191, 
59000, -0.008, 0.328305, -0.328305, 
59100, -0.008, -4.41273, 4.41273, 
59200, -0.008, -2.44276, 2.44276, 
59300, -0.008, -0.582979, 0.582979, 
59400, -0.008, -1.54166, 1.54166, 
59500, -0.008, -1.73224, 1.73224, 
59600, -0.008, -1.25758, 1.25758, 
59700, -0.008, -2.65844, 2.65844, 
59800, -0.008, 0.778926, -0.778926, 
59900, -0.008, -2.74315, 2.74315, 
60000, -0.01, -0.463198, 0.463198, 
60100, -0.01, -5.24761, 5.24761, 
60200, -0.01, 0.472514, -0.472514, 
60300, -0.01, -3.00589, 3.00589, 
60400, -0.01, -0.598761, 0.598761, 
60500, -0.01, -3.97281, 3.97281, 
60600, -0.01, -0.798099, 0.798099, 
60700, -0.01, 0.108319, -0.108319, 
60800, -0.01, -4.21044, 4.21044, 
60900, -0.01, -4.89269, 4.89269, 
61000, -0.01, -1.64709, 1.64709, 
61100, -0.01, -0.183433, 0.183433, 
61200, -0.01, -2.93957, 2.93957, 
61300, -0.01, -1.05359, 1.05359, 
61400, -0.01, -3.81734, 3.81734, 
61500, -0.01, -4.46143, 4.46143, 
61600, -0.01, 0.462955, -0.462955, 
61700, -0.01, -4.28523, 4.28523, 
61800, -0.01, -2.2135, 2.2135, 
61900, -0.01, -2.23581, 2.23581, 
62000, -0.01, -2.0775, 2.0775, 
62100, -0.01, -0.0529969, 0.0529969, 
62200, -0.01, -1.90487, 1.90487, 
62300, -0.01, -2.78895, 2.78895, 
62400, -0.01, -2.97679, 2.97679, 
62500, -0.01, -1.2687, 1.2687, 
62600, -0.01, -1.94184, 1.94184, 
62700, -0.01, -3.22675, 3.22675, 
62800, -0.01, -2.95575, 2.95575, 
62900, -0.01, -0.183852, 0.183852, 
63000, -0.01, -0.648094, 0.648094, 
63100, -0.01, -2.20921, 2.20921, 
63200, -0.01, -1.1889, 1.1889, 
63300, -0.01, -0.97253, 0.97253, 
63400, -0.01, -2.85745, 2.85745, 
63500, -0.01, -0.574819, 0.574819, 
63600, -0.01, -2.79949, 2.79949, 
63700, -0.01, -0.837372, 0.837372, 
63800, -0.01, -0.417107, 0.417107, 
63900, -0.01, -4.11576, 4.11576, 
64000, -0.01, -2.16241, 2.16241, 
64100, -0.01, -1.07813, 1.07813, 
64200, -0.01, -1.2215, 1.2215, 
64300, -0.01, -2.01012, 2.01012, 
64400, -0.01, -4.95821, 4.95821, 
64500, -0.01, -0.580452, 0.580452, 
64600, -0.01, -5.77374, 5.77374, 
64700, -0.01, -3.97125, 3.97125, 
64800, -0.01, 0.651382, -0.651382, 
64900, -0.01, -1.43887, 1.43887, 
65000, -0.01, -2.85612, 2.85612, 
65100, -0.01, -3.43334, 3.43334, 
65200, -0.01, -1.15945, 1.15945, 
65300, -0.01, -3.38786, 3.38786, 
65400, -0.01, -1.15601, 1.15601, 
65500, -0.01, -2.02486, 2.02486, 
65600, -0.01, -4.90681, 4.90681, 
65700, -0.01, 0.615171, -0.615171, 
65800, -0.01, -0.489098, 0.489098, 
65900, -0.01, -2.56453, 2.56453, 
66000, -0.01, -4.30896, 4.30896, 
66100, -0.01, -2.51935, 2.51935, 
66200, -0.01, -0.414202, 0.414202, 
66300, -0.01, -1.89704, 1.89704, 
66400, -0.01, -1.486, 1.486, 
66500, -0.01, -4.19619, 4.19619, 
66600, -0.01, 1.7576, -1.7576, 
66700, -0.01, -0.339815, 0.339815, 
66800, -0.01, -3.81156, 3.81156, 
66900, -0.01, -2.55962, 2.55962, 
67000, -0.01, -1.1192, 1.1192, 
67100, -0.01, 0.681011, -0.681011, 
67200, -0.01, -4.54342, 4.54342, 
67300, -0.01, -2.63909, 2.63909, 
67400, -0.01, -3.52286, 3.52286, 
67500, -0.01, 0.995272, -0.995272, 
67600, -0.01, -2.5064, 2.5064, 
67700, -0.01, -3.62359, 3.62359, 
67800, -0.01, -2.37422, 2.37422, 
67900, -0.01, -1.40086, 1.40086, 
68000, -0.01, -2.80554, 2.80554, 
68100, -0.01, -3.52179, 3.52179, 
68200, -0.01, -1.80296, 1.80296, 
68300, -0.01, -2.8848, 2.8848, 
68400, -0.01, -3.25732, 3.25732, 
68500, -0.01, -1.32814, 1.32814, 
68600, -0.01, -1.45008, 1.45008, 
68700, -0.01, -2.48004, 2.48004, 
68800, -0.01, -2.16042, 2.16042, 
68900, -0.01, 0.0521956, -0.0521956, 
69000, -0.01, -3.7225, 3.7225, 
69100, -0.01, -1.64764, 1.64764, 
69200, -0.01, -3.58144, 3.58144, 
69300, -0.01, 0.855521, -0.855521, 
69400, -0.01, -3.28947, 3.28947, 
69500, -0.01, -3.68068, 3.68068, 
69600, -0.01, -0.0699643, 0.0699643, 
69700, -0.01, -4.30773, 4.30773, 
69800, -0.01, -0.216537, 0.216537, 
69900, -0.01, 0.149091, -0.149091, 
70000, -0.012, -4.23859, 4.23859, 
70100, -0.012, -1.922, 1.922, 
70200, -0.012, 0.910669, -0.910669, 
70300, -0.012, -1.99039, 1.99039, 
70400, -0.012, -3.32643, 3.32643, 
70500, -0.012, -0.720285, 0.720285, 
70600, -0.012, 0.416454, -0.416454, 
70700, -0.012, -3.62508, 3.62508, 
70800, -0.012, 1.57497, -1.57497, 
70900, -0.012, -4.09147, 4.09147, 
71000, -0.012, -0.850969, 0.850969, 
71100, -0.012, -1.93484, 1.93484, 
71200, -0.012, -1.40484, 1.40484, 
71300, -0.012, -2.30283, 2.30283, 
71400, -0.012, -2.64911, 2.64911, 
71500, -0.012, 0.732368, -0.732368, 
71600, -0.012, -4.42359, 4.42359, 
71700, -0.012, -3.135, 3.135, 
71800, -0.012, -1.66063, 1.66063, 
71900, -0.012, -1.19292, 1.19292, 
72000, -0.012, -3.64553, 3.64553, 
72100, -0.012, -1.77836, 1.77836, 
72200, -0.012, -2.05173, 2.05173, 
72300, -0.012, 1.80742, -1.80742, 
72400, -0.012, -2.94067, 2.94067, 
72500, -0.012, -2.64907, 2.64907, 
72600, -0.012, -1.14723, 1.14723, 
72700, -0.012, 0.216192, -0.216192, 
72800, -0.012, -3.00754, 3.00754, 
72900, -0.012, -2.52826, 2.52826, 
73000, -0.012, -3.92204, 3.92204, 
73100, -0.012, 0.763857, -0.763857, 
73200, -0.012, 0.163797, -0.163797, 
73300, -0.012, -4.0034, 4.0034, 
73400, -0.012, 0.362324, -0.362324, 
73500, -0.012, -2.93456, 2.93456, 
73600, -0.012, -1.3994, 1.3994, 
73700, -0.012, 0.462455, -0.462455, 
73800, -0.012, -3.35432, 3.35432, 
73900, -0.012, -0.150048, 0.150048, 
74000, -0.012, -1.11038, 1.11038, 
74100, -0.012, 1.3024, -1.3024, 
74200, -0.012, -1.95221, 1.95221, 
74300, -0.012, -1.82209, 1.82209, 
74400, -0.012, -4.00863, 4.00863, 
74500, -0.012, 0.230188, -0.230188, 
74600, -0.012, -2.09277, 2.09277, 
74700, -0.012, -4.21532, 4.21532, 
74800, -0.012, -1.37134, 1.37134, 
74900, -0.012, -1.80066, 1.80066, 
75000, -0.012, -0.00299993, 0.00299993, 
75100, -0.012, -2.15359, 2.15359, 
75200, -0.012, -2.5039, 2.5039, 
75300, -0.012, -1.95503, 1.95503, 
75400, -0.012, 0.0503888, -0.0503888, 
75500, -0.012, -3.07383, 3.07383, 
75600, -0.012, -2.89494, 2.89494, 
75700, -0.012, -3.56766, 3.56766, 
75800, -0.012, -0.635815, 0.635815, 
75900, -0.012, -1.36986, 1.36986, 
76000, -0.012, -3.21366, 3.21366, 
76100, -0.012, -1.41696, 1.41696, 
76200, -0.012, -1.01983, 1.01983, 
76300, -0.012, -0.22754, 0.22754, 
76400, -0.012, -1.81252, 1.81252, 
76500, -0.012, 1.39696, -1.39696, 
76600, -0.012, -1.98822, 1.98822, 
76700, -0.012, -2.90951, 2.90951, 
76800, -0.012, 0.57276, -0.57276, 
76900, -0.012, -1.75637, 1.75637, 
77000, -0.012, -3.0729, 3.0729, 
77100, -0.012, -0.837542, 0.837542, 
77200, -0.012, -2.65262, 2.65262, 
77300, -0.012, -2.48893, 2.48893, 
77400, -0.012, 0.16477, -0.16477, 
77500, -0.012, -0.50348, 0.50348, 
77600, -0.012, -3.98706, 3.98706, 
77700, -0.012, -0.735009, 0.735009, 
77800, -0.012, -0.972948, 0.972948, 
77900, -0.012, -1.68029, 1.68029, 
78000, -0.012, -4.33212, 4.33212, 
78100, -0.012, -2.04022, 2.04022, 
78200, -0.012, -1.75958, 1.75958, 
78300, -0.012, -0.835907, 0.835907, 
78400, -0.012, -2.70757, 2.70757, 
78500, -0.012, -1.07945, 1.07945, 
78600, -0.012, -2.59706, 2.59706, 
78700, -0.012, -2.02635, 2.02635, 
78800, -0.012, -2.27018, 2.27018, 
78900, -0.012, -0.651228, 0.651228, 
79000, -0.012, -4.34576, 4.34576, 
79100, -0.012, -2.61933, 2.61933, 
79200, -0.012, -0.608509, 0.608509, 
79300, -0.012, -3.14366, 3.14366, 
79400, -0.012, -1.4542, 1.4542, 
79500, -0.012, -1.86998, 1.86998, 
79600, -0.012, -0.343698, 0.343698, 
79700, -0.012, -0.825848, 0.825848, 
79800, -0.012, -0.293616, 0.293616, 
79900, -0.012, -3.49137, 3.49137, 
80000, -0.014, 0.00155726, -0.00155726, 
80100, -0.014, -1.30928, 1.30928, 
80200, -0.014, -0.626298, 0.626298, 
80300, -0.014, -2.23767, 2.23767, 
80400, -0.014, -0.991619, 0.991619, 
80500, -0.014, 0.372964, -0.372964, 
80600, -0.014, -0.471199, 0.471199, 
80700, -0.014, -2.7014, 2.7014, 
80800, -0.014, -2.77592, 2.77592, 
80900, -0.014, 1.0431, -1.0431, 
81000, -0.014, -1.05391, 1.05391, 
81100, -0.014, -0.749251, 0.749251, 
81200, -0.014, -2.09816, 2.09816, 
81300, -0.014, -0.620197, 0.620197, 
81400, -0.014, -1.57284, 1.57284, 
81500, -0.014, -1.5621, 1.5621, 
81600, -0.014, -1.3754, 1.3754, 
81700, -0.014, -1.3936, 1.3936, 
81800, -0.014, -2.76614, 2.76614, 
81900, -0.014, 0.189312, -0.189312, 
82000, -0.014, -2.59456, 2.59456, 
82100, -0.014, -1.04135, 1.04135, 
82200, -0.014, -1.46719, 1.46719, 
82300, -0.014, -2.17016, 2.17016, 
82400, -0.014, -0.807179, 0.807179, 
82500, -0.014, -2.18544, 2.18544, 
82600, -0.014, -1.46713, 1.46713, 
82700, -0.014, -3.01192, 3.01192, 
82800, -0.014, -1.46572, 1.46572, 
82900, -0.014, -0.647717, 0.647717, 
83000, -0.014, -0.740005, 0.740005, 
83100, -0.014, -3.23448, 3.23448, 
83200, -0.014, -0.173502, 0.173502, 
83300, -0.014, -0.445779, 0.445779, 
83400, -0.014, -0.839215, 0.839215, 
83500, -0.014, -2.26244, 2.26244, 
83600, -0.014, -1.07995, 1.07995, 
83700, -0.014, 1.66643, -1.66643, 
83800, -0.014, -1.85539, 1.85539, 
83900, -0.014, -0.637549, 0.637549, 
84000, -0.014, -1.91854, 1.91854, 
84100, -0.014, 1.4493, -1.4493, 
84200, -0.014, -2.63922, 2.63922, 
84300, -0.014, -0.730645, 0.730645, 
84400, -0.014, -2.76432, 2.76432, 
84500, -0.014, -2.18169, 2.18169, 
84600, -0.014, -1.27445, 1.27445, 
84700, -0.014, -0.756784, 0.756784, 
84800, -0.014, -3.2602, 3.2602, 
84900, -0.014, 0.0951747, -0.0951747, 
85000, -0.014, -1.39943, 1.39943, 
85100, -0.014, -1.10234, 1.10234, 
85200, -0.014, 0.131667, -0.131667, 
85300, -0.014, -1.78968, 1.78968, 
85400, -0.014, -1.98309, 1.98309, 
85500, -0.014, -1.0385, 1.0385, 
85600, -0.014, -4.72051, 4.72051, 
85700, -0.014, 1.67876, -1.67876, 
85800, -0.014, -1.95267, 1.95267, 
85900, -0.014, -1.90979, 1.90979, 
86000, -0.014, -0.349518, 0.349518, 
86100, -0.014, -2.72678, 2.72678, 
86200, -0.014, 0.402115, -0.402115, 
86300, -0.014, -5.14801, 5.14801, 
86400, -0.014, 0.338862, -0.338862, 
86500, -0.014, 0.251078, -0.251078, 
86600, -0.014, -0.0833897, 0.0833897, 
86700, -0.014, -2.98487, 2.98487, 
86800, -0.014, 0.103518, -0.103518, 
86900, -0.014, -0.383145, 0.383145, 
87000, -0.014, -0.983975, 0.983975, 
87100, -0.014, -1.55298, 1.55298, 
87200, -0.014, -0.758657, 0.758657, 
87300, -0.014, -1.85936, 1.85936, 
87400, -0.014, -0.739825, 0.739825, 
87500, -0.014, -0.000522689, 0.000522689, 
87600, -0.014, -1.99736, 1.99736, 
87700, -0.014, -3.40282, 3.40282, 
87800, -0.014, -0.861009, 0.861009, 
87900, -0.014, -1.05501, 1.05501, 
88000, -0.014, -1.54137, 1.54137, 
88100, -0.014, -1.38462, 1.38462, 
88200, -0.014, -0.851537, 0.851537, 
88300, -0.014, -2.54914, 2.54914, 
88400, -0.014, 0.196493, -0.196493, 
88500, -0.014, -1.73987, 1.73987, 
88600, -0.014, -3.49113, 3.49113, 
88700, -0.014, -0.655265, 0.655265, 
88800, -0.014, -2.53185, 2.53185, 
88900, -0.014, -3.22854, 3.22854, 
89000, -0.014, 0.480465, -0.480465, 
89100, -0.014, -1.12425, 1.12425, 
89200, -0.014, -0.953242, 0.953242, 
89300, -0.014, -0.181177, 0.181177, 
89400, -0.014, -1.71283, 1.71283, 
89500, -0.014, -2.5408, 2.5408, 
89600, -0.014, -1.38856, 1.38856, 
89700, -0.014, -1.10393, 1.10393, 
89800, -0.014, -1.27596, 1.27596, 
89900, -0.014, -1.75214, 1.75214, 
90000, -0.016, -0.601677, 0.601677, 
90100, -0.016, -0.88702, 0.88702, 
90200, -0.016, 0.00798122, -0.00798122, 
90300, -0.016, -1.13611, 1.13611, 
90400, -0.016, 0.200882, -0.200882, 
90500, -0.016, 0.741218, -0.741218, 
90600, -0.016, 0.808426, -0.808426, 
90700, -0.016, -2.30307, 2.30307, 
90800, -0.016, -0.79994, 0.79994, 
90900, -0.016, -0.953096, 0.953096, 
91000, -0.016, -0.644948, 0.644948, 
91100, -0.016, -0.0206326, 0.0206326, 
91200, -0.016, -1.73388, 1.73388, 
91300, -0.016, -1.02477, 1.02477, 
91400, -0.016, -1.19525, 1.19525, 
91500, -0.016, -0.702335, 0.702335, 
91600, -0.016, -0.951054, 0.951054, 
91700, -0.016, -2.11657, 2.11657, 
91800, -0.016, -2.45442, 2.45442, 
91900, -0.016, -0.200629, 0.200629, 
92000, -0.016, 0.253049, -0.253049, 
92100, -0.016, -2.21732, 2.21732, 
92200, -0.016, 0.0174023, -0.0174023, 
92300, -0.016, -0.770353, 0.770353, 
92400, -0.016, -1.20002, 1.20002, 
92500, -0.016, -3.20009, 3.20009, 
92600, -0.016, -0.581738, 0.581738, 
92700, -0.016, -0.390167, 0.390167, 
92800, -0.016, -1.43596, 1.43596, 
92900, -0.016, -0.0165584, 0.0165584, 
93000, -0.016, -1.07207, 1.07207, 
93100, -0.016, -2.61238, 2.61238, 
93200, -0.016, -0.568812, 0.568812, 
93300, -0.016, -1.35563, 1.35563, 
93400, -0.016, 0.508489, -0.508489, 
93500, -0.016, -0.64272, 0.64272, 
93600, -0.016, -1.1164, 1.1164, 
93700, -0.016, -1.09049, 1.09049, 
93800, -0.016, 0.00277842, -0.00277842, 
93900, -0.016, -2.4183, 2.4183, 
94000, -0.016, -0.227037, 0.227037, 
94100, -0.016, 0.450371, -0.450371, 
94200, -0.016, -0.862302, 0.862302, 
94300, -0.016, -1.4224, 1.4224, 
94400, -0.016, -0.343645, 0.343645, 
94500, -0.016, 0.446705, -0.446705, 
94600, -0.016, -1.58839, 1.58839, 
94700, -0.016, 0.870998, -0.870998, 
94800, -0.016, -1.38808, 1.38808, 
94900, -0.016, -2.64383, 2.64383, 
95000, -0.016, -1.06924, 1.06924, 
95100, -0.016, -2.13194, 2.13194, 
95200, -0.016, -2.27502, 2.27502, 
95300, -0.016, 1.65065, -1.65065, 
95400, -0.016, -1.71796, 1.71796, 
95500, -0.016, -1.83471, 1.83471, 
95600, -0.016, -0.232382, 0.232382, 
95700, -0.016, -0.987293, 0.987293, 
95800, -0.016, -1.7859, 1.7859, 
95900, -0.016, -0.916547, 0.916547, 
96000, -0.016, -0.461628, 0.461628, 
96100, -0.016, -0.587359, 0.587359, 
96200, -0.016