[ 0.00110416 , -235.915 , -235.914 ],
[ 0.00993288 , -235.924 , -235.914 ],
[ 0.027566 , -235.941 , -235.914 ],
[ 0.0539549 , -235.968 , -235.914 ],
[ 0.089027 , -236.003 , -235.914 ],
[ 0.132687 , -236.046 , -235.914 ],
[ 0.184814 , -236.099 , -235.914 ],
[ 0.245269 , -236.159 , -235.914 ],
[ 0.313888 , -236.228 , -235.914 ],
[ 0.390487 , -236.304 , -235.914 ],
[ 0.474863 , -236.389 , -235.914 ],
[ 0.566795 , -236.481 , -235.914 ],
[ 0.666043 , -236.58 , -235.914 ],
[ 0.772352 , -236.686 , -235.914 ],
[ 0.88545 , -236.799 , -235.914 ],
[ 1.00506 , -236.919 , -235.914 ],
[ 1.13087 , -237.045 , -235.914 ],
[ 1.26259 , -237.177 , -235.914 ],
[ 1.39989 , -237.314 , -235.914 ],
[ 1.54246 , -237.456 , -235.914 ],
[ 1.68995 , -237.604 , -235.914 ],
[ 1.84204 , -237.756 , -235.914 ],
[ 1.99839 , -237.912 , -235.914 ],
[ 2.15864 , -238.073 , -235.914 ],
[ 2.32246 , -238.237 , -235.914 ],
[ 2.48949 , -238.404 , -235.914 ],
[ 2.65941 , -238.574 , -235.914 ],
[ 2.83185 , -238.746 , -235.914 ],
[ 3.0065 , -238.921 , -235.914 ],
[ 3.183 , -239.097 , -235.914 ],
[ 3.36104 , -239.275 , -235.914 ],
[ 3.54028 , -239.455 , -235.914 ],
[ 3.72041 , -239.635 , -235.914 ],
[ 3.90111 , -239.815 , -235.914 ],
[ 4.08209 , -239.996 , -235.914 ],
[ 4.26306 , -240.177 , -235.914 ],
[ 4.44371 , -240.358 , -235.914 ],
[ 4.62379 , -240.538 , -235.914 ],
[ 4.80302 , -240.717 , -235.914 ],
[ 4.98114 , -240.896 , -235.914 ],
[ 5.1579 , -241.072 , -235.914 ],
[ 5.33308 , -241.248 , -235.914 ],
[ 5.50643 , -241.421 , -235.914 ],
[ 5.67776 , -241.592 , -235.914 ],
[ 5.84684 , -241.761 , -235.914 ],
[ 6.01349 , -241.928 , -235.914 ],
[ 6.17752 , -242.092 , -235.914 ],
[ 6.33875 , -242.253 , -235.914 ],
[ 6.49703 , -242.412 , -235.915 ],
[ 6.65219 , -242.567 , -235.915 ],
[ 6.8041 , -242.719 , -235.915 ],
[ 6.95262 , -242.867 , -235.915 ],
[ 7.09762 , -243.012 , -235.915 ],
[ 7.239 , -243.154 , -235.915 ],
[ 7.37665 , -243.291 , -235.915 ],
[ 7.51048 , -243.425 , -235.915 ],
[ 7.6404 , -243.555 , -235.915 ],
[ 7.76633 , -243.681 , -235.915 ],
[ 7.88821 , -243.803 , -235.915 ],
[ 8.00599 , -243.921 , -235.915 ],
[ 8.1196 , -244.034 , -235.915 ],
[ 8.22902 , -244.144 , -235.915 ],
[ 8.33422 , -244.249 , -235.915 ],
[ 8.43516 , -244.35 , -235.915 ],
[ 8.53184 , -244.446 , -235.915 ],
[ 8.62424 , -244.539 , -235.915 ],
[ 8.71239 , -244.627 , -235.915 ],
[ 8.79627 , -244.711 , -235.915 ],
[ 8.87592 , -244.79 , -235.915 ],
[ 8.95136 , -244.866 , -235.915 ],
[ 9.02263 , -244.937 , -235.915 ],
[ 9.08977 , -245.004 , -235.915 ],
[ 9.15282 , -245.067 , -235.915 ],
[ 9.21186 , -245.126 , -235.915 ],
[ 9.26695 , -245.181 , -235.915 ],
[ 9.31816 , -245.233 , -235.915 ],
[ 9.36558 , -245.28 , -235.915 ],
[ 9.40929 , -245.324 , -235.915 ],
[ 9.4494 , -245.364 , -235.915 ],
[ 9.48601 , -245.401 , -235.915 ],
[ 9.51924 , -245.434 , -235.915 ],
[ 9.5492 , -245.464 , -235.914 ],
[ 9.57601 , -245.49 , -235.914 ],
[ 9.59982 , -245.514 , -235.914 ],
[ 9.62077 , -245.535 , -235.914 ],
[ 9.639 , -245.553 , -235.914 ],
[ 9.65466 , -245.569 , -235.914 ],
[ 9.66791 , -245.582 , -235.914 ],
[ 9.67891 , -245.593 , -235.914 ],
[ 9.68784 , -245.602 , -235.914 ],
[ 9.69486 , -245.609 , -235.914 ],
[ 9.70015 , -245.615 , -235.914 ],
[ 9.7039 , -245.618 , -235.914 ],
[ 9.70627 , -245.621 , -235.914 ],
[ 9.70746 , -245.622 , -235.914 ],
[ 9.70765 , -245.622 , -235.914 ],
[ 9.70703 , -245.621 , -235.914 ],
[ 9.70579 , -245.62 , -235.914 ],
[ 9.70411 , -245.618 , -235.914 ],
[ 9.70217 , -245.616 , -235.914 ],
[ 9.70017 , -245.614 , -235.914 ],
[ 9.69827 , -245.613 , -235.914 ],
[ 9.69667 , -245.611 , -235.914 ],
[ 9.69552 , -245.61 , -235.914 ],
[ 9.695 , -245.609 , -235.914 ],
[ 9.69527 , -245.61 , -235.914 ],
[ 9.69648 , -245.611 , -235.914 ],
[ 9.69879 , -245.613 , -235.914 ],
[ 9.70233 , -245.617 , -235.914 ],
[ 9.70724 , -245.621 , -235.914 ],
[ 9.71364 , -245.628 , -235.914 ],
[ 9.72165 , -245.636 , -235.914 ],
[ 9.73136 , -245.646 , -235.914 ],
[ 9.74288 , -245.657 , -235.914 ],
[ 9.75629 , -245.67 , -235.914 ],
[ 9.77167 , -245.686 , -235.914 ],
[ 9.78906 , -245.703 , -235.914 ],
[ 9.80854 , -245.723 , -235.914 ],
[ 9.83014 , -245.744 , -235.914 ],
[ 9.85389 , -245.768 , -235.914 ],
[ 9.8798 , -245.794 , -235.914 ],
[ 9.90789 , -245.822 , -235.914 ],
[ 9.93816 , -245.852 , -235.914 ],
[ 9.97059 , -245.885 , -235.914 ],
[ 10.0052 , -245.919 , -235.914 ],
[ 10.0418 , -245.956 , -235.914 ],
[ 10.0806 , -245.995 , -235.914 ],
[ 10.1213 , -246.036 , -235.914 ],
[ 10.1641 , -246.078 , -235.914 ],
[ 10.2087 , -246.123 , -235.914 ],
[ 10.2551 , -246.169 , -235.914 ],
[ 10.3033 , -246.217 , -235.914 ],
[ 10.3531 , -246.267 , -235.914 ],
[ 10.4045 , -246.319 , -235.914 ],
[ 10.4573 , -246.372 , -235.914 ],
[ 10.5115 , -246.426 , -235.914 ],
[ 10.567 , -246.481 , -235.914 ],
[ 10.6236 , -246.538 , -235.914 ],
[ 10.6812 , -246.595 , -235.914 ],
[ 10.7397 , -246.654 , -235.914 ],
[ 10.7991 , -246.713 , -235.914 ],
[ 10.8591 , -246.773 , -235.914 ],
[ 10.9197 , -246.834 , -235.914 ],
[ 10.9808 , -246.895 , -235.914 ],
[ 11.0422 , -246.956 , -235.914 ],
[ 11.1037 , -247.018 , -235.914 ],
[ 11.1654 , -247.08 , -235.914 ],
[ 11.227 , -247.141 , -235.914 ],
[ 11.2885 , -247.203 , -235.914 ],
[ 11.3498 , -247.264 , -235.914 ],
[ 11.4106 , -247.325 , -235.914 ],
[ 11.471 , -247.385 , -235.914 ],
[ 11.5307 , -247.445 , -235.914 ],
[ 11.5898 , -247.504 , -235.914 ],
[ 11.648 , -247.562 , -235.914 ],
[ 11.7054 , -247.62 , -235.914 ],
[ 11.7617 , -247.676 , -235.914 ],
[ 11.817 , -247.731 , -235.914 ],
[ 11.871 , -247.785 , -235.914 ],
[ 11.9238 , -247.838 , -235.914 ],
[ 11.9752 , -247.89 , -235.914 ],
[ 12.0252 , -247.94 , -235.914 ],
[ 12.0737 , -247.988 , -235.914 ],
[ 12.1205 , -248.035 , -235.914 ],
[ 12.1658 , -248.08 , -235.914 ],
[ 12.2093 , -248.124 , -235.914 ],
[ 12.251 , -248.165 , -235.914 ],
[ 12.2909 , -248.205 , -235.914 ],
[ 12.3289 , -248.243 , -235.914 ],
[ 12.365 , -248.279 , -235.914 ],
[ 12.3992 , -248.314 , -235.914 ],
[ 12.4313 , -248.346 , -235.914 ],
[ 12.4615 , -248.376 , -235.914 ],
[ 12.4896 , -248.404 , -235.914 ],
[ 12.5156 , -248.43 , -235.914 ],
[ 12.5395 , -248.454 , -235.914 ],
[ 12.5614 , -248.476 , -235.914 ],
[ 12.5811 , -248.496 , -235.914 ],
[ 12.5988 , -248.513 , -235.914 ],
[ 12.6143 , -248.529 , -235.914 ],
[ 12.6279 , -248.542 , -235.914 ],
[ 12.6393 , -248.554 , -235.914 ],
[ 12.6488 , -248.563 , -235.914 ],
[ 12.6562 , -248.571 , -235.914 ],
[ 12.6617 , -248.576 , -235.914 ],
[ 12.6652 , -248.58 , -235.914 ],
[ 12.6669 , -248.581 , -235.914 ],
[ 12.6667 , -248.581 , -235.914 ],
[ 12.6648 , -248.579 , -235.914 ],
[ 12.6611 , -248.576 , -235.914 ],
[ 12.6558 , -248.57 , -235.914 ],
[ 12.6489 , -248.563 , -235.914 ],
[ 12.6405 , -248.555 , -235.914 ],
[ 12.6307 , -248.545 , -235.914 ],
[ 12.6195 , -248.534 , -235.914 ],
[ 12.6071 , -248.521 , -235.914 ],
[ 12.5934 , -248.508 , -235.914 ],
[ 12.5787 , -248.493 , -235.914 ],
[ 12.5629 , -248.477 , -235.914 ],
[ 12.5463 , -248.461 , -235.914 ],
[ 12.5288 , -248.443 , -235.914 ],
[ 12.5106 , -248.425 , -235.914 ],
[ 12.4918 , -248.406 , -235.914 ],
[ 12.4724 , -248.387 , -235.914 ],
[ 12.4526 , -248.367 , -235.914 ],
[ 12.4325 , -248.347 , -235.914 ],
[ 12.4121 , -248.326 , -235.914 ],
[ 12.3916 , -248.306 , -235.914 ],
[ 12.371 , -248.285 , -235.914 ],
[ 12.3505 , -248.265 , -235.914 ],
[ 12.33 , -248.244 , -235.914 ],
[ 12.3098 , -248.224 , -235.914 ],
[ 12.2898 , -248.204 , -235.914 ],
[ 12.2702 , -248.184 , -235.914 ],
[ 12.251 , -248.165 , -235.914 ],
[ 12.2323 , -248.147 , -235.914 ],
[ 12.2141 , -248.128 , -235.914 ],
[ 12.1965 , -248.111 , -235.914 ],
[ 12.1796 , -248.094 , -235.914 ],
[ 12.1634 , -248.078 , -235.914 ],
[ 12.1479 , -248.062 , -235.914 ],
[ 12.1332 , -248.047 , -235.914 ],
[ 12.1193 , -248.034 , -235.914 ],
[ 12.1062 , -248.02 , -235.914 ],
[ 12.0939 , -248.008 , -235.914 ],
[ 12.0825 , -247.997 , -235.914 ],
[ 12.0719 , -247.986 , -235.914 ],
[ 12.0621 , -247.976 , -235.914 ],
[ 12.0532 , -247.967 , -235.914 ],
[ 12.0451 , -247.959 , -235.914 ],
[ 12.0378 , -247.952 , -235.914 ],
[ 12.0312 , -247.946 , -235.914 ],
[ 12.0254 , -247.94 , -235.914 ],
[ 12.0204 , -247.935 , -235.914 ],
[ 12.016 , -247.93 , -235.914 ],
[ 12.0122 , -247.927 , -235.914 ],
[ 12.009 , -247.923 , -235.914 ],
[ 12.0064 , -247.921 , -235.914 ],
[ 12.0043 , -247.919 , -235.914 ],
[ 12.0026 , -247.917 , -235.914 ],
[ 12.0014 , -247.916 , -235.914 ],
[ 12.0004 , -247.915 , -235.914 ],
[ 11.9998 , -247.914 , -235.914 ],
[ 11.9994 , -247.914 , -235.914 ],
[ 11.9992 , -247.914 , -235.914 ],
[ 11.9991 , -247.913 , -235.914 ],
[ 11.9991 , -247.913 , -235.914 ],
[ 11.9991 , -247.913 , -235.914 ],
[ 11.999 , -247.913 , -235.914 ],
[ 11.9989 , -247.913 , -235.914 ],
[ 11.9986 , -247.913 , -235.914 ],
[ 11.9982 , -247.913 , -235.914 ],
[ 11.9975 , -247.912 , -235.914 ],
[ 11.9965 , -247.911 , -235.914 ],
[ 11.9952 , -247.91 , -235.914 ],
[ 11.9936 , -247.908 , -235.914 ],
[ 11.9916 , -247.906 , -235.914 ],
[ 11.9892 , -247.904 , -235.914 ],
[ 11.9863 , -247.901 , -235.914 ],
[ 11.983 , -247.897 , -235.914 ],
[ 11.9792 , -247.894 , -235.914 ],
[ 11.9748 , -247.889 , -235.914 ],
[ 11.97 , -247.884 , -235.914 ],
[ 11.9645 , -247.879 , -235.914 ],
[ 11.9586 , -247.873 , -235.914 ],
[ 11.952 , -247.866 , -235.914 ],
[ 11.945 , -247.859 , -235.914 ],
[ 11.9373 , -247.852 , -235.914 ],
[ 11.9291 , -247.843 , -235.914 ],
[ 11.9203 , -247.835 , -235.914 ],
[ 11.9109 , -247.825 , -235.914 ],
[ 11.9011 , -247.815 , -235.914 ],
[ 11.8906 , -247.805 , -235.914 ],
[ 11.8797 , -247.794 , -235.914 ],
[ 11.8682 , -247.783 , -235.914 ],
[ 11.8563 , -247.771 , -235.914 ],
[ 11.8438 , -247.758 , -235.914 ],
[ 11.831 , -247.745 , -235.914 ],
[ 11.8176 , -247.732 , -235.914 ],
[ 11.8039 , -247.718 , -235.914 ],
[ 11.7897 , -247.704 , -235.914 ],
[ 11.7752 , -247.69 , -235.914 ],
[ 11.7604 , -247.675 , -235.914 ],
[ 11.7452 , -247.66 , -235.914 ],
[ 11.7297 , -247.644 , -235.914 ],
[ 11.7139 , -247.628 , -235.914 ],
[ 11.6979 , -247.612 , -235.914 ],
[ 11.6816 , -247.596 , -235.914 ],
[ 11.6651 , -247.58 , -235.914 ],
[ 11.6485 , -247.563 , -235.914 ],
[ 11.6316 , -247.546 , -235.914 ],
[ 11.6147 , -247.529 , -235.914 ],
[ 11.5976 , -247.512 , -235.914 ],
[ 11.5804 , -247.495 , -235.914 ],
[ 11.5631 , -247.478 , -235.914 ],
[ 11.5458 , -247.46 , -235.914 ],
[ 11.5285 , -247.443 , -235.914 ],
[ 11.5111 , -247.426 , -235.914 ],
[ 11.4938 , -247.408 , -235.914 ],
[ 11.4765 , -247.391 , -235.914 ],
[ 11.4593 , -247.374 , -235.914 ],
[ 11.4421 , -247.356 , -235.914 ],
[ 11.425 , -247.339 , -235.914 ],
[ 11.408 , -247.322 , -235.914 ],
[ 11.3912 , -247.306 , -235.914 ],
[ 11.3745 , -247.289 , -235.914 ],
[ 11.358 , -247.272 , -235.914 ],
[ 11.3417 , -247.256 , -235.914 ],
[ 11.3256 , -247.24 , -235.914 ],
[ 11.3098 , -247.224 , -235.914 ],
[ 11.2942 , -247.209 , -235.914 ],
[ 11.279 , -247.193 , -235.914 ],
[ 11.264 , -247.178 , -235.914 ],
[ 11.2494 , -247.164 , -235.914 ],
[ 11.2351 , -247.15 , -235.914 ],
[ 11.2213 , -247.136 , -235.914 ],
[ 11.2078 , -247.122 , -235.914 ],
[ 11.1948 , -247.109 , -235.914 ],
[ 11.1823 , -247.097 , -235.914 ],
[ 11.1703 , -247.085 , -235.914 ],
[ 11.1588 , -247.073 , -235.914 ],
[ 11.1478 , -247.062 , -235.914 ],
[ 11.1374 , -247.052 , -235.914 ],
[ 11.1277 , -247.042 , -235.914 ],
[ 11.1185 , -247.033 , -235.914 ],
[ 11.1101 , -247.024 , -235.914 ],
[ 11.1023 , -247.017 , -235.914 ],
[ 11.0952 , -247.01 , -235.914 ],
[ 11.0888 , -247.003 , -235.914 ],
[ 11.0832 , -246.998 , -235.914 ],
[ 11.0784 , -246.993 , -235.914 ],
[ 11.0744 , -246.989 , -235.914 ],
[ 11.0711 , -246.985 , -235.914 ],
[ 11.0687 , -246.983 , -235.914 ],
[ 11.0671 , -246.981 , -235.914 ],
[ 11.0664 , -246.981 , -235.914 ],
[ 11.0665 , -246.981 , -235.914 ],
[ 11.0674 , -246.982 , -235.914 ],
[ 11.0692 , -246.984 , -235.914 ],
[ 11.0718 , -246.986 , -235.914 ],
[ 11.0753 , -246.99 , -235.914 ],
[ 11.0796 , -246.994 , -235.914 ],
[ 11.0847 , -246.999 , -235.914 ],
[ 11.0906 , -247.005 , -235.914 ],
[ 11.0972 , -247.012 , -235.914 ],
[ 11.1046 , -247.019 , -235.914 ],
[ 11.1127 , -247.027 , -235.914 ],
[ 11.1215 , -247.036 , -235.914 ],
[ 11.1309 , -247.045 , -235.914 ],
[ 11.141 , -247.055 , -235.914 ],
[ 11.1516 , -247.066 , -235.914 ],
[ 11.1627 , -247.077 , -235.914 ],
[ 11.1743 , -247.089 , -235.914 ],
[ 11.1864 , -247.101 , -235.914 ],
[ 11.1987 , -247.113 , -235.914 ],
[ 11.2115 , -247.126 , -235.914 ],
[ 11.2244 , -247.139 , -235.914 ],
[ 11.2376 , -247.152 , -235.914 ],
[ 11.2509 , -247.165 , -235.914 ],
[ 11.2643 , -247.179 , -235.914 ],
[ 11.2777 , -247.192 , -235.914 ],
[ 11.2911 , -247.206 , -235.914 ],
[ 11.3044 , -247.219 , -235.914 ],
[ 11.3175 , -247.232 , -235.914 ],
[ 11.3304 , -247.245 , -235.914 ],
[ 11.3431 , -247.258 , -235.914 ],
[ 11.3554 , -247.27 , -235.914 ],
[ 11.3673 , -247.282 , -235.914 ],
[ 11.3788 , -247.293 , -235.914 ],
[ 11.3898 , -247.304 , -235.914 ],
[ 11.4002 , -247.315 , -235.914 ],
[ 11.4101 , -247.325 , -235.914 ],
[ 11.4193 , -247.334 , -235.914 ],
[ 11.4278 , -247.342 , -235.914 ],
[ 11.4356 , -247.35 , -235.914 ],
[ 11.4426 , -247.357 , -235.914 ],
[ 11.4488 , -247.363 , -235.914 ],
[ 11.4542 , -247.369 , -235.914 ],
[ 11.4587 , -247.373 , -235.914 ],
[ 11.4624 , -247.377 , -235.914 ],
[ 11.4651 , -247.38 , -235.914 ],
[ 11.467 , -247.381 , -235.914 ],
[ 11.4679 , -247.382 , -235.914 ],
[ 11.4679 , -247.382 , -235.914 ],
[ 11.4669 , -247.381 , -235.914 ],
[ 11.4651 , -247.38 , -235.914 ],
[ 11.4623 , -247.377 , -235.914 ],
[ 11.4586 , -247.373 , -235.914 ],
[ 11.4541 , -247.369 , -235.914 ],
[ 11.4487 , -247.363 , -235.914 ],
[ 11.4425 , -247.357 , -235.914 ],
[ 11.4356 , -247.35 , -235.914 ],
[ 11.4279 , -247.342 , -235.914 ],
[ 11.4195 , -247.334 , -235.914 ],
[ 11.4105 , -247.325 , -235.914 ],
[ 11.4009 , -247.315 , -235.914 ],
[ 11.3908 , -247.305 , -235.914 ],
[ 11.3803 , -247.295 , -235.914 ],
[ 11.3695 , -247.284 , -235.914 ],
[ 11.3583 , -247.273 , -235.914 ],
[ 11.3469 , -247.261 , -235.914 ],
[ 11.3354 , -247.25 , -235.914 ],
[ 11.3239 , -247.238 , -235.914 ],
[ 11.3124 , -247.227 , -235.914 ],
[ 11.301 , -247.215 , -235.914 ],
[ 11.2898 , -247.204 , -235.914 ],
[ 11.2789 , -247.193 , -235.914 ],
[ 11.2684 , -247.183 , -235.914 ],
[ 11.2583 , -247.173 , -235.914 ],
[ 11.2488 , -247.163 , -235.914 ],
[ 11.2399 , -247.154 , -235.914 ],
[ 11.2317 , -247.146 , -235.914 ],
[ 11.2242 , -247.139 , -235.914 ],
[ 11.2175 , -247.132 , -235.914 ],
[ 11.2117 , -247.126 , -235.914 ],
[ 11.2069 , -247.121 , -235.914 ],
[ 11.203 , -247.117 , -235.914 ],
[ 11.2002 , -247.115 , -235.914 ],
[ 11.1984 , -247.113 , -235.914 ],
[ 11.1977 , -247.112 , -235.914 ],
[ 11.1982 , -247.113 , -235.914 ],
[ 11.1999 , -247.114 , -235.914 ],
[ 11.2027 , -247.117 , -235.914 ],
[ 11.2067 , -247.121 , -235.914 ],
[ 11.212 , -247.126 , -235.914 ],
[ 11.2184 , -247.133 , -235.914 ],
[ 11.2261 , -247.14 , -235.914 ],
[ 11.2349 , -247.149 , -235.914 ],
[ 11.245 , -247.159 , -235.914 ],
[ 11.2562 , -247.171 , -235.914 ],
[ 11.2685 , -247.183 , -235.914 ],
[ 11.282 , -247.196 , -235.914 ],
[ 11.2965 , -247.211 , -235.914 ],
[ 11.3122 , -247.226 , -235.914 ],
[ 11.3288 , -247.243 , -235.914 ],
[ 11.3464 , -247.261 , -235.914 ],
[ 11.3649 , -247.279 , -235.914 ],
[ 11.3843 , -247.299 , -235.914 ],
[ 11.4045 , -247.319 , -235.914 ],
[ 11.4255 , -247.34 , -235.914 ],
[ 11.4471 , -247.361 , -235.914 ],
[ 11.4694 , -247.384 , -235.914 ],
[ 11.4923 , -247.407 , -235.914 ],
[ 11.5156 , -247.43 , -235.914 ],
[ 11.5394 , -247.454 , -235.914 ],
[ 11.5636 , -247.478 , -235.914 ],
[ 11.588 , -247.502 , -235.914 ],
[ 11.6126 , -247.527 , -235.914 ],
[ 11.6373 , -247.552 , -235.914 ],
[ 11.662 , -247.576 , -235.914 ],
[ 11.6867 , -247.601 , -235.914 ],
[ 11.7113 , -247.626 , -235.914 ],
[ 11.7357 , -247.65 , -235.914 ],
[ 11.7598 , -247.674 , -235.914 ],
[ 11.7835 , -247.698 , -235.914 ],
[ 11.8068 , -247.721 , -235.914 ],
[ 11.8295 , -247.744 , -235.914 ],
[ 11.8517 , -247.766 , -235.914 ],
[ 11.8732 , -247.788 , -235.914 ],
[ 11.8939 , -247.808 , -235.914 ],
[ 11.9138 , -247.828 , -235.914 ],
[ 11.9329 , -247.847 , -235.914 ],
[ 11.951 , -247.865 , -235.914 ],
[ 11.9682 , -247.883 , -235.914 ],
[ 11.9843 , -247.899 , -235.914 ],
[ 11.9992 , -247.914 , -235.914 ],
[ 12.0131 , -247.928 , -235.914 ],
[ 12.0258 , -247.94 , -235.914 ],
[ 12.0372 , -247.952 , -235.914 ],
[ 12.0474 , -247.962 , -235.914 ],
[ 12.0564 , -247.971 , -235.914 ],
[ 12.064 , -247.978 , -235.914 ],
[ 12.0704 , -247.985 , -235.914 ],
[ 12.0754 , -247.99 , -235.914 ],
[ 12.0791 , -247.994 , -235.914 ],
[ 12.0815 , -247.996 , -235.914 ],
[ 12.0826 , -247.997 , -235.914 ],
[ 12.0824 , -247.997 , -235.914 ],
[ 12.0809 , -247.995 , -235.914 ],
[ 12.0782 , -247.993 , -235.914 ],
[ 12.0742 , -247.989 , -235.914 ],
[ 12.069 , -247.983 , -235.914 ],
[ 12.0627 , -247.977 , -235.914 ],
[ 12.0553 , -247.97 , -235.914 ],
[ 12.0469 , -247.961 , -235.914 ],
[ 12.0374 , -247.952 , -235.914 ],
[ 12.027 , -247.941 , -235.914 ],
[ 12.0157 , -247.93 , -235.914 ],
[ 12.0036 , -247.918 , -235.914 ],
[ 11.9908 , -247.905 , -235.914 ],
[ 11.9774 , -247.892 , -235.914 ],
[ 11.9633 , -247.878 , -235.914 ],
[ 11.9488 , -247.863 , -235.914 ],
[ 11.9339 , -247.848 , -235.914 ],
[ 11.9186 , -247.833 , -235.914 ],
[ 11.9032 , -247.818 , -235.914 ],
[ 11.8876 , -247.802 , -235.914 ],
[ 11.8721 , -247.786 , -235.914 ],
[ 11.8566 , -247.771 , -235.914 ],
[ 11.8413 , -247.756 , -235.914 ],
[ 11.8263 , -247.741 , -235.914 ],
[ 11.8117 , -247.726 , -235.914 ],
[ 11.7976 , -247.712 , -235.914 ],
[ 11.7841 , -247.698 , -235.914 ],
[ 11.7714 , -247.686 , -235.914 ],
[ 11.7594 , -247.674 , -235.914 ],
[ 11.7484 , -247.663 , -235.914 ],
[ 11.7384 , -247.653 , -235.914 ],
[ 11.7296 , -247.644 , -235.914 ],
[ 11.7219 , -247.636 , -235.914 ],
[ 11.7156 , -247.63 , -235.914 ],
[ 11.7106 , -247.625 , -235.914 ],
[ 11.7072 , -247.621 , -235.914 ],
[ 11.7053 , -247.62 , -235.914 ],
[ 11.705 , -247.619 , -235.914 ],
[ 11.7064 , -247.621 , -235.914 ],
[ 11.7096 , -247.624 , -235.914 ],
[ 11.7146 , -247.629 , -235.914 ],
[ 11.7214 , -247.636 , -235.914 ],
[ 11.7302 , -247.644 , -235.914 ],
[ 11.7408 , -247.655 , -235.914 ],
[ 11.7534 , -247.668 , -235.914 ],
[ 11.768 , -247.682 , -235.914 ],
[ 11.7845 , -247.699 , -235.914 ],
[ 11.803 , -247.717 , -235.914 ],
[ 11.8234 , -247.738 , -235.914 ],
[ 11.8458 , -247.76 , -235.914 ],
[ 11.8701 , -247.784 , -235.914 ],
[ 11.8962 , -247.81 , -235.914 ],
[ 11.9242 , -247.838 , -235.914 ],
[ 11.9539 , -247.868 , -235.914 ],
[ 11.9854 , -247.9 , -235.914 ],
[ 12.0184 , -247.933 , -235.914 ],
[ 12.0531 , -247.967 , -235.914 ],
[ 12.0892 , -248.003 , -235.914 ],
[ 12.1267 , -248.041 , -235.914 ],
[ 12.1655 , -248.08 , -235.914 ],
[ 12.2055 , -248.12 , -235.914 ],
[ 12.2466 , -248.161 , -235.914 ],
[ 12.2887 , -248.203 , -235.914 ],
[ 12.3316 , -248.246 , -235.914 ],
[ 12.3753 , -248.29 , -235.914 ],
[ 12.4196 , -248.334 , -235.914 ],
[ 12.4644 , -248.379 , -235.914 ],
[ 12.5095 , -248.424 , -235.914 ],
[ 12.5549 , -248.469 , -235.914 ],
[ 12.6004 , -248.515 , -235.914 ],
[ 12.6459 , -248.56 , -235.914 ],
[ 12.6913 , -248.606 , -235.914 ],
[ 12.7363 , -248.651 , -235.914 ],
[ 12.7809 , -248.695 , -235.914 ],
[ 12.825 , -248.739 , -235.914 ],
[ 12.8684 , -248.783 , -235.914 ],
[ 12.911 , -248.825 , -235.914 ],
[ 12.9527 , -248.867 , -235.914 ],
[ 12.9933 , -248.908 , -235.914 ],
[ 13.0327 , -248.947 , -235.914 ],
[ 13.0708 , -248.985 , -235.914 ],
[ 13.1075 , -249.022 , -235.914 ],
[ 13.1427 , -249.057 , -235.914 ],
[ 13.1762 , -249.091 , -235.914 ],
[ 13.208 , -249.122 , -235.914 ],
[ 13.238 , -249.152 , -235.914 ],
[ 13.2659 , -249.18 , -235.914 ],
[ 13.2919 , -249.206 , -235.914 ],
[ 13.3157 , -249.23 , -235.914 ],
[ 13.3372 , -249.252 , -235.914 ],
[ 13.3565 , -249.271 , -235.914 ],
[ 13.3733 , -249.288 , -235.914 ],
[ 13.3877 , -249.302 , -235.914 ],
[ 13.3995 , -249.314 , -235.914 ],
[ 13.4088 , -249.323 , -235.914 ],
[ 13.4153 , -249.33 , -235.914 ],
[ 13.4192 , -249.334 , -235.914 ],
[ 13.4202 , -249.335 , -235.914 ],
[ 13.4185 , -249.333 , -235.914 ],
[ 13.4138 , -249.328 , -235.914 ],
[ 13.4062 , -249.321 , -235.914 ],
[ 13.3957 , -249.31 , -235.914 ],
[ 13.3823 , -249.297 , -235.914 ],
[ 13.3658 , -249.28 , -235.914 ],
[ 13.3463 , -249.261 , -235.914 ],
[ 13.3239 , -249.238 , -235.914 ],
[ 13.2983 , -249.213 , -235.914 ],
[ 13.2698 , -249.184 , -235.914 ],
[ 13.2383 , -249.153 , -235.914 ],
[ 13.2037 , -249.118 , -235.914 ],
[ 13.1662 , -249.081 , -235.914 ],
[ 13.1257 , -249.04 , -235.914 ],
[ 13.0822 , -248.997 , -235.914 ],
[ 13.0359 , -248.95 , -235.914 ],
[ 12.9868 , -248.901 , -235.914 ],
[ 12.9348 , -248.849 , -235.914 ],
[ 12.8801 , -248.795 , -235.914 ],
[ 12.8228 , -248.737 , -235.914 ],
[ 12.7628 , -248.677 , -235.914 ],
[ 12.7004 , -248.615 , -235.914 ],
[ 12.6355 , -248.55 , -235.914 ],
[ 12.5683 , -248.483 , -235.914 ],
[ 12.4988 , -248.413 , -235.914 ],
[ 12.4272 , -248.342 , -235.914 ],
[ 12.3537 , -248.268 , -235.914 ],
[ 12.2782 , -248.193 , -235.914 ],
[ 12.201 , -248.115 , -235.914 ],
[ 12.1221 , -248.037 , -235.914 ],
[ 12.0417 , -247.956 , -235.914 ],
[ 11.9601 , -247.874 , -235.914 ],
[ 11.8772 , -247.792 , -235.914 ],
[ 11.7932 , -247.708 , -235.914 ],
[ 11.7084 , -247.623 , -235.914 ],
[ 11.6229 , -247.537 , -235.914 ],
[ 11.5368 , -247.451 , -235.914 ],
[ 11.4503 , -247.365 , -235.914 ],
[ 11.3637 , -247.278 , -235.914 ],
[ 11.2769 , -247.191 , -235.914 ],
[ 11.1903 , -247.105 , -235.914 ],
[ 11.1041 , -247.018 , -235.914 ],
[ 11.0182 , -246.933 , -235.914 ],
[ 10.9331 , -246.847 , -235.914 ],
[ 10.8487 , -246.763 , -235.914 ],
[ 10.7653 , -246.68 , -235.914 ],
[ 10.6831 , -246.597 , -235.914 ],
[ 10.6022 , -246.516 , -235.914 ],
[ 10.5227 , -246.437 , -235.914 ],
[ 10.4448 , -246.359 , -235.914 ],
[ 10.3687 , -246.283 , -235.914 ],
[ 10.2944 , -246.209 , -235.914 ],
[ 10.2222 , -246.136 , -235.914 ],
[ 10.1521 , -246.066 , -235.914 ],
[ 10.0843 , -245.998 , -235.914 ],
[ 10.0188 , -245.933 , -235.914 ],
[ 9.95573 , -245.87 , -235.914 ],
[ 9.89523 , -245.809 , -235.914 ],
[ 9.83734 , -245.751 , -235.914 ],
[ 9.78214 , -245.696 , -235.914 ],
[ 9.7297 , -245.644 , -235.914 ],
[ 9.68006 , -245.594 , -235.914 ],
[ 9.63327 , -245.547 , -235.914 ],
[ 9.58936 , -245.504 , -235.914 ],
[ 9.54837 , -245.463 , -235.914 ],
[ 9.5103 , -245.424 , -235.914 ],
[ 9.47518 , -245.389 , -235.914 ],
[ 9.443 , -245.357 , -235.914 ],
[ 9.41377 , -245.328 , -235.914 ],
[ 9.38747 , -245.302 , -235.914 ],
[ 9.36408 , -245.278 , -235.914 ],
[ 9.34358 , -245.258 , -235.914 ],
[ 9.32595 , -245.24 , -235.914 ],
[ 9.31115 , -245.225 , -235.914 ],
[ 9.29915 , -245.213 , -235.914 ],
[ 9.2899 , -245.204 , -235.914 ],
[ 9.28336 , -245.198 , -235.914 ],
[ 9.27948 , -245.194 , -235.914 ],
[ 9.27821 , -245.192 , -235.914 ],
[ 9.2795 , -245.194 , -235.914 ],
[ 9.28329 , -245.197 , -235.914 ],
[ 9.28953 , -245.204 , -235.914 ],
[ 9.29815 , -245.212 , -235.914 ],
[ 9.3091 , -245.223 , -235.914 ],
[ 9.32232 , -245.237 , -235.914 ],
[ 9.33774 , -245.252 , -235.914 ],
[ 9.35532 , -245.27 , -235.914 ],
[ 9.37498 , -245.289 , -235.914 ],
[ 9.39666 , -245.311 , -235.914 ],
[ 9.42031 , -245.335 , -235.914 ],
[ 9.44586 , -245.36 , -235.914 ],
[ 9.47326 , -245.387 , -235.914 ],
[ 9.50243 , -245.417 , -235.914 ],
[ 9.53333 , -245.448 , -235.914 ],
[ 9.56589 , -245.48 , -235.914 ],
[ 9.60006 , -245.514 , -235.914 ],
[ 9.63577 , -245.55 , -235.914 ],
[ 9.67296 , -245.587 , -235.914 ],
[ 9.71158 , -245.626 , -235.914 ],
[ 9.75157 , -245.666 , -235.914 ],
[ 9.79286 , -245.707 , -235.914 ],
[ 9.83541 , -245.75 , -235.914 ],
[ 9.87914 , -245.793 , -235.914 ],
[ 9.924 , -245.838 , -235.914 ],
[ 9.96993 , -245.884 , -235.914 ],
[ 10.0169 , -245.931 , -235.914 ],
[ 10.0648 , -245.979 , -235.914 ],
[ 10.1135 , -246.028 , -235.914 ],
[ 10.1631 , -246.077 , -235.914 ],
[ 10.2135 , -246.128 , -235.914 ],
[ 10.2645 , -246.179 , -235.914 ],
[ 10.3162 , -246.23 , -235.914 ],
[ 10.3685 , -246.283 , -235.914 ],
[ 10.4212 , -246.335 , -235.914 ],
[ 10.4744 , -246.389 , -235.914 ],
[ 10.5279 , -246.442 , -235.914 ],
[ 10.5818 , -246.496 , -235.914 ],
[ 10.6358 , -246.55 , -235.914 ],
[ 10.69 , -246.604 , -235.914 ],
[ 10.7443 , -246.659 , -235.914 ],
[ 10.7986 , -246.713 , -235.914 ],
[ 10.8529 , -246.767 , -235.914 ],
[ 10.907 , -246.821 , -235.914 ],
[ 10.9609 , -246.875 , -235.914 ],
[ 11.0145 , -246.929 , -235.914 ],
[ 11.0677 , -246.982 , -235.914 ],
[ 11.1206 , -247.035 , -235.914 ],
[ 11.1729 , -247.087 , -235.914 ],
[ 11.2246 , -247.139 , -235.914 ],
[ 11.2757 , -247.19 , -235.914 ],
[ 11.3261 , -247.24 , -235.914 ],
[ 11.3757 , -247.29 , -235.914 ],
[ 11.4244 , -247.339 , -235.914 ],
[ 11.4722 , -247.387 , -235.914 ],
[ 11.519 , -247.433 , -235.914 ],
[ 11.5648 , -247.479 , -235.914 ],
[ 11.6094 , -247.524 , -235.914 ],
[ 11.6529 , -247.567 , -235.914 ],
[ 11.6951 , -247.609 , -235.914 ],
[ 11.736 , -247.65 , -235.914 ],
[ 11.7756 , -247.69 , -235.914 ],
[ 11.8139 , -247.728 , -235.914 ],
[ 11.8507 , -247.765 , -235.914 ],
[ 11.886 , -247.8 , -235.914 ],
[ 11.9198 , -247.834 , -235.914 ],
[ 11.9521 , -247.867 , -235.914 ],
[ 11.9829 , -247.897 , -235.914 ],
[ 12.012 , -247.926 , -235.914 ],
[ 12.0396 , -247.954 , -235.914 ],
[ 12.0656 , -247.98 , -235.914 ],
[ 12.0899 , -248.004 , -235.914 ],
[ 12.1126 , -248.027 , -235.914 ],
[ 12.1337 , -248.048 , -235.914 ],
[ 12.1531 , -248.068 , -235.914 ],
[ 12.171 , -248.085 , -235.914 ],
[ 12.1873 , -248.102 , -235.914 ],
[ 12.202 , -248.116 , -235.914 ],
[ 12.2152 , -248.13 , -235.914 ],
[ 12.227 , -248.141 , -235.914 ],
[ 12.2372 , -248.152 , -235.914 ],
[ 12.2461 , -248.161 , -235.914 ],
[ 12.2536 , -248.168 , -235.914 ],
[ 12.2598 , -248.174 , -235.914 ],
[ 12.2648 , -248.179 , -235.914 ],
[ 12.2686 , -248.183 , -235.914 ],
[ 12.2713 , -248.186 , -235.914 ],
[ 12.273 , -248.187 , -235.914 ],
[ 12.2737 , -248.188 , -235.914 ],
[ 12.2736 , -248.188 , -235.914 ],
[ 12.2727 , -248.187 , -235.914 ],
[ 12.271 , -248.185 , -235.914 ],
[ 12.2688 , -248.183 , -235.914 ],
[ 12.266 , -248.18 , -235.914 ],
[ 12.2627 , -248.177 , -235.914 ],
[ 12.2592 , -248.173 , -235.914 ],
[ 12.2553 , -248.17 , -235.914 ],
[ 12.2513 , -248.166 , -235.914 ],
[ 12.2472 , -248.162 , -235.914 ],
[ 12.2431 , -248.157 , -235.914 ],
[ 12.2391 , -248.153 , -235.914 ],
[ 12.2353 , -248.15 , -235.914 ],
[ 12.2317 , -248.146 , -235.914 ],
[ 12.2285 , -248.143 , -235.914 ],
[ 12.2256 , -248.14 , -235.914 ],
[ 12.2232 , -248.137 , -235.914 ],
[ 12.2213 , -248.136 , -235.914 ],
[ 12.22 , -248.134 , -235.914 ],
[ 12.2193 , -248.134 , -235.914 ],
[ 12.2193 , -248.134 , -235.914 ],
[ 12.22 , -248.134 , -235.914 ],
[ 12.2214 , -248.136 , -235.914 ],
[ 12.2236 , -248.138 , -235.914 ],
[ 12.2265 , -248.141 , -235.914 ],
[ 12.2302 , -248.144 , -235.914 ],
[ 12.2347 , -248.149 , -235.914 ],
[ 12.24 , -248.154 , -235.914 ],
[ 12.246 , -248.16 , -235.914 ],
[ 12.2527 , -248.167 , -235.914 ],
[ 12.2602 , -248.174 , -235.914 ],
[ 12.2683 , -248.183 , -235.914 ],
[ 12.2771 , -248.191 , -235.914 ],
[ 12.2864 , -248.201 , -235.914 ],
[ 12.2963 , -248.211 , -235.914 ],
[ 12.3067 , -248.221 , -235.914 ],
[ 12.3175 , -248.232 , -235.914 ],
[ 12.3286 , -248.243 , -235.914 ],
[ 12.3401 , -248.254 , -235.914 ],
[ 12.3517 , -248.266 , -235.914 ],
[ 12.3635 , -248.278 , -235.914 ],
[ 12.3754 , -248.29 , -235.914 ],
[ 12.3872 , -248.302 , -235.914 ],
[ 12.399 , -248.313 , -235.914 ],
[ 12.4105 , -248.325 , -235.914 ],
[ 12.4218 , -248.336 , -235.914 ],
[ 12.4328 , -248.347 , -235.914 ],
[ 12.4434 , -248.358 , -235.914 ],
[ 12.4534 , -248.368 , -235.914 ],
[ 12.463 , -248.377 , -235.914 ],
[ 12.4718 , -248.386 , -235.914 ],
[ 12.48 , -248.394 , -235.914 ],
[ 12.4874 , -248.402 , -235.914 ],
[ 12.494 , -248.408 , -235.914 ],
[ 12.4997 , -248.414 , -235.914 ],
[ 12.5045 , -248.419 , -235.914 ],
[ 12.5083 , -248.423 , -235.914 ],
[ 12.5111 , -248.425 , -235.914 ],
[ 12.5128 , -248.427 , -235.914 ],
[ 12.5134 , -248.428 , -235.914 ],
[ 12.513 , -248.427 , -235.914 ],
[ 12.5114 , -248.426 , -235.914 ],
[ 12.5087 , -248.423 , -235.914 ],
[ 12.5048 , -248.419 , -235.914 ],
[ 12.4998 , -248.414 , -235.914 ],
[ 12.4937 , -248.408 , -235.914 ],
[ 12.4865 , -248.401 , -235.914 ],
[ 12.4782 , -248.393 , -235.914 ],
[ 12.4688 , -248.383 , -235.914 ],
[ 12.4584 , -248.373 , -235.914 ],
[ 12.4469 , -248.361 , -235.914 ],
[ 12.4346 , -248.349 , -235.914 ],
[ 12.4213 , -248.336 , -235.914 ],
[ 12.4072 , -248.322 , -235.914 ],
[ 12.3922 , -248.307 , -235.914 ],
[ 12.3766 , -248.291 , -235.914 ],
[ 12.3603 , -248.275 , -235.914 ],
[ 12.3434 , -248.258 , -235.914 ],
[ 12.3259 , -248.24 , -235.914 ],
[ 12.308 , -248.222 , -235.914 ],
[ 12.2898 , -248.204 , -235.914 ],
[ 12.2712 , -248.186 , -235.914 ],
[ 12.2524 , -248.167 , -235.914 ],
[ 12.2335 , -248.148 , -235.914 ],
[ 12.2145 , -248.129 , -235.914 ],
[ 12.1956 , -248.11 , -235.914 ],
[ 12.1767 , -248.091 , -235.914 ],
[ 12.1581 , -248.072 , -235.914 ],
[ 12.1396 , -248.054 , -235.914 ],
[ 12.1215 , -248.036 , -235.914 ],
[ 12.1038 , -248.018 , -235.914 ],
[ 12.0865 , -248.001 , -235.914 ],
[ 12.0698 , -247.984 , -235.914 ],
[ 12.0536 , -247.968 , -235.914 ],
[ 12.0381 , -247.952 , -235.914 ],
[ 12.0232 , -247.938 , -235.914 ],
[ 12.0091 , -247.923 , -235.914 ],
[ 11.9957 , -247.91 , -235.914 ],
[ 11.9831 , -247.897 , -235.914 ],
[ 11.9713 , -247.886 , -235.914 ],
[ 11.9603 , -247.875 , -235.914 ],
[ 11.9502 , -247.864 , -235.914 ],
[ 11.9409 , -247.855 , -235.914 ],
[ 11.9325 , -247.847 , -235.914 ],
[ 11.9249 , -247.839 , -235.914 ],
[ 11.9181 , -247.832 , -235.914 ],
[ 11.9122 , -247.826 , -235.914 ],
[ 11.9071 , -247.821 , -235.914 ],
[ 11.9027 , -247.817 , -235.914 ],
[ 11.8991 , -247.813 , -235.914 ],
[ 11.8962 , -247.81 , -235.914 ],
[ 11.8939 , -247.808 , -235.914 ],
[ 11.8923 , -247.807 , -235.914 ],
[ 11.8913 , -247.806 , -235.914 ],
[ 11.8907 , -247.805 , -235.914 ],
[ 11.8907 , -247.805 , -235.914 ],
[ 11.891 , -247.805 , -235.914 ],
[ 11.8917 , -247.806 , -235.914 ],
[ 11.8927 , -247.807 , -235.914 ],
[ 11.8939 , -247.808 , -235.914 ],
[ 11.8953 , -247.81 , -235.914 ],
[ 11.8968 , -247.811 , -235.914 ],
[ 11.8983 , -247.813 , -235.914 ],
[ 11.8999 , -247.814 , -235.914 ],
[ 11.9014 , -247.816 , -235.914 ],
[ 11.9027 , -247.817 , -235.914 ],
[ 11.9039 , -247.818 , -235.914 ],
[ 11.9048 , -247.819 , -235.914 ],
[ 11.9054 , -247.82 , -235.914 ],
[ 11.9057 , -247.82 , -235.914 ],
[ 11.9057 , -247.82 , -235.914 ],
[ 11.9052 , -247.82 , -235.914 ],
[ 11.9042 , -247.819 , -235.914 ],
[ 11.9028 , -247.817 , -235.914 ],
[ 11.9008 , -247.815 , -235.914 ],
[ 11.8983 , -247.813 , -235.914 ],
[ 11.8952 , -247.81 , -235.914 ],
[ 11.8916 , -247.806 , -235.914 ],
[ 11.8873 , -247.802 , -235.914 ],
[ 11.8825 , -247.797 , -235.914 ],
[ 11.877 , -247.791 , -235.914 ],
[ 11.8709 , -247.785 , -235.914 ],
[ 11.8643 , -247.779 , -235.914 ],
[ 11.857 , -247.771 , -235.914 ],
[ 11.8492 , -247.764 , -235.914 ],
[ 11.8409 , -247.755 , -235.914 ],
[ 11.832 , -247.746 , -235.914 ],
[ 11.8227 , -247.737 , -235.914 ],
[ 11.8129 , -247.727 , -235.914 ],
[ 11.8028 , -247.717 , -235.914 ],
[ 11.7922 , -247.707 , -235.914 ],
[ 11.7814 , -247.696 , -235.914 ],
[ 11.7703 , -247.685 , -235.914 ],
[ 11.7591 , -247.673 , -235.914 ],
[ 11.7477 , -247.662 , -235.914 ],
[ 11.7362 , -247.651 , -235.914 ],
[ 11.7248 , -247.639 , -235.914 ],
[ 11.7134 , -247.628 , -235.914 ],
[ 11.7021 , -247.616 , -235.914 ],
[ 11.6911 , -247.605 , -235.914 ],
[ 11.6804 , -247.595 , -235.914 ],
[ 11.67 , -247.584 , -235.914 ],
[ 11.66 , -247.574 , -235.914 ],
[ 11.6506 , -247.565 , -235.914 ],
[ 11.6418 , -247.556 , -235.914 ],
[ 11.6336 , -247.548 , -235.914 ],
[ 11.6261 , -247.54 , -235.914 ],
[ 11.6195 , -247.534 , -235.914 ],
[ 11.6137 , -247.528 , -235.914 ],
[ 11.6088 , -247.523 , -235.914 ],
[ 11.6049 , -247.519 , -235.914 ],
[ 11.6021 , -247.516 , -235.914 ],
[ 11.6003 , -247.515 , -235.914 ],
[ 11.5996 , -247.514 , -235.914 ],
[ 11.6002 , -247.514 , -235.914 ],
[ 11.6019 , -247.516 , -235.914 ],
[ 11.6049 , -247.519 , -235.914 ],
[ 11.6091 , -247.523 , -235.914 ],
[ 11.6146 , -247.529 , -235.914 ],
[ 11.6213 , -247.536 , -235.914 ],
[ 11.6294 , -247.544 , -235.914 ],
[ 11.6387 , -247.553 , -235.914 ],
[ 11.6494 , -247.564 , -235.914 ],
[ 11.6613 , -247.576 , -235.914 ],
[ 11.6744 , -247.589 , -235.914 ],
[ 11.6888 , -247.603 , -235.914 ],
[ 11.7044 , -247.619 , -235.914 ],
[ 11.7211 , -247.635 , -235.914 ],
[ 11.739 , -247.653 , -235.914 ],
[ 11.7579 , -247.672 , -235.914 ],
[ 11.7779 , -247.692 , -235.914 ],
[ 11.7989 , -247.713 , -235.914 ],
[ 11.8209 , -247.735 , -235.914 ],
[ 11.8437 , -247.758 , -235.914 ],
[ 11.8673 , -247.782 , -235.914 ],
[ 11.8918 , -247.806 , -235.914 ],
[ 11.9169 , -247.831 , -235.914 ],
[ 11.9427 , -247.857 , -235.914 ],
[ 11.9691 , -247.883 , -235.914 ],
[ 11.9961 , -247.91 , -235.914 ],
[ 12.0235 , -247.938 , -235.914 ],
[ 12.0514 , -247.966 , -235.914 ],
[ 12.0796 , -247.994 , -235.914 ],
[ 12.1081 , -248.023 , -235.914 ],
[ 12.1369 , -248.051 , -235.914 ],
[ 12.1659 , -248.08 , -235.914 ],
[ 12.195 , -248.109 , -235.914 ],
[ 12.2243 , -248.139 , -235.914 ],
[ 12.2536 , -248.168 , -235.914 ],
[ 12.2829 , -248.197 , -235.914 ],
[ 12.3121 , -248.227 , -235.914 ],
[ 12.3413 , -248.256 , -235.914 ],
[ 12.3704 , -248.285 , -235.914 ],
[ 12.3994 , -248.314 , -235.914 ],
[ 12.4281 , -248.343 , -235.914 ],
[ 12.4567 , -248.371 , -235.914 ],
[ 12.4851 , -248.399 , -235.914 ],
[ 12.5132 , -248.428 , -235.914 ],
[ 12.541 , -248.455 , -235.914 ],
[ 12.5685 , -248.483 , -235.914 ],
[ 12.5957 , -248.51 , -235.914 ],
[ 12.6226 , -248.537 , -235.914 ],
[ 12.6492 , -248.564 , -235.914 ],
[ 12.6754 , -248.59 , -235.914 ],
[ 12.7013 , -248.616 , -235.914 ],
[ 12.7268 , -248.641 , -235.914 ],
[ 12.752 , -248.666 , -235.914 ],
[ 12.7768 , -248.691 , -235.914 ],
[ 12.8012 , -248.716 , -235.914 ],
[ 12.8253 , -248.74 , -235.914 ],
[ 12.849 , -248.763 , -235.914 ],
[ 12.8724 , -248.787 , -235.914 ],
[ 12.8954 , -248.81 , -235.914 ],
[ 12.9181 , -248.833 , -235.914 ],
[ 12.9404 , -248.855 , -235.914 ],
[ 12.9624 , -248.877 , -235.914 ],
[ 12.984 , -248.898 , -235.914 ],
[ 13.0053 , -248.92 , -235.914 ],
[ 13.0262 , -248.941 , -235.914 ],
[ 13.0469 , -248.961 , -235.914 ],
[ 13.0671 , -248.982 , -235.914 ],
[ 13.0871 , -249.001 , -235.914 ],
[ 13.1067 , -249.021 , -235.914 ],
[ 13.1259 , -249.04 , -235.914 ],
[ 13.1448 , -249.059 , -235.914 ],
[ 13.1633 , -249.078 , -235.914 ],
[ 13.1815 , -249.096 , -235.914 ],
[ 13.1993 , -249.114 , -235.914 ],
[ 13.2167 , -249.131 , -235.914 ],
[ 13.2337 , -249.148 , -235.914 ],
[ 13.2502 , -249.165 , -235.914 ],
[ 13.2664 , -249.181 , -235.914 ],
[ 13.282 , -249.196 , -235.914 ],
[ 13.2972 , -249.212 , -235.914 ],
[ 13.3119 , -249.226 , -235.914 ],
[ 13.3261 , -249.241 , -235.914 ],
[ 13.3398 , -249.254 , -235.914 ],
[ 13.3528 , -249.267 , -235.914 ],
[ 13.3653 , -249.28 , -235.914 ],
[ 13.3771 , -249.292 , -235.914 ],
[ 13.3884 , -249.303 , -235.914 ],
[ 13.3989 , -249.313 , -235.914 ],
[ 13.4088 , -249.323 , -235.914 ],
[ 13.4179 , -249.332 , -235.914 ],
[ 13.4263 , -249.341 , -235.914 ],
[ 13.434 , -249.348 , -235.914 ],
[ 13.4408 , -249.355 , -235.914 ],
[ 13.4469 , -249.361 , -235.914 ],
[ 13.4522 , -249.367 , -235.914 ],
[ 13.4566 , -249.371 , -235.914 ],
[ 13.4602 , -249.375 , -235.914 ],
[ 13.463 , -249.377 , -235.914 ],
[ 13.4648 , -249.379 , -235.914 ],
[ 13.4659 , -249.38 , -235.914 ],
[ 13.4661 , -249.38 , -235.914 ],
[ 13.4654 , -249.38 , -235.914 ],
[ 13.4638 , -249.378 , -235.914 ],
[ 13.4614 , -249.376 , -235.914 ],
[ 13.4581 , -249.373 , -235.914 ],
[ 13.4541 , -249.368 , -235.914 ],
[ 13.4491 , -249.364 , -235.914 ],
[ 13.4434 , -249.358 , -235.914 ],
[ 13.4369 , -249.351 , -235.914 ],
[ 13.4296 , -249.344 , -235.914 ],
[ 13.4216 , -249.336 , -235.914 ],
[ 13.4128 , -249.327 , -235.914 ],
[ 13.4033 , -249.318 , -235.914 ],
[ 13.3932 , -249.308 , -235.914 ],
[ 13.3824 , -249.297 , -235.914 ],
[ 13.371 , -249.285 , -235.914 ],
[ 13.359 , -249.273 , -235.914 ],
[ 13.3464 , -249.261 , -235.914 ],
[ 13.3332 , -249.248 , -235.914 ],
[ 13.3196 , -249.234 , -235.914 ],
[ 13.3054 , -249.22 , -235.914 ],
[ 13.2909 , -249.205 , -235.914 ],
[ 13.2758 , -249.19 , -235.914 ],
[ 13.2604 , -249.175 , -235.914 ],
[ 13.2446 , -249.159 , -235.914 ],
[ 13.2284 , -249.143 , -235.914 ],
[ 13.2119 , -249.126 , -235.914 ],
[ 13.1951 , -249.109 , -235.914 ],
[ 13.1779 , -249.092 , -235.914 ],
[ 13.1605 , -249.075 , -235.914 ],
[ 13.1429 , -249.057 , -235.914 ],
[ 13.125 , -249.039 , -235.914 ],
[ 13.1068 , -249.021 , -235.914 ],
[ 13.0885 , -249.003 , -235.914 ],
[ 13.0699 , -248.984 , -235.914 ],
[ 13.0512 , -248.966 , -235.914 ],
[ 13.0323 , -248.947 , -235.914 ],
[ 13.0132 , -248.928 , -235.914 ],
[ 12.9939 , -248.908 , -235.914 ],
[ 12.9745 , -248.889 , -235.914 ],
[ 12.955 , -248.869 , -235.914 ],
[ 12.9353 , -248.85 , -235.914 ],
[ 12.9155 , -248.83 , -235.914 ],
[ 12.8955 , -248.81 , -235.914 ],
[ 12.8755 , -248.79 , -235.914 ],
[ 12.8553 , -248.77 , -235.914 ],
[ 12.835 , -248.749 , -235.914 ],
[ 12.8147 , -248.729 , -235.914 ],
[ 12.7943 , -248.709 , -235.914 ],
[ 12.7738 , -248.688 , -235.914 ],
[ 12.7532 , -248.668 , -235.914 ],
[ 12.7326 , -248.647 , -235.914 ],
[ 12.712 , -248.626 , -235.914 ],
[ 12.6913 , -248.606 , -235.914 ],
[ 12.6706 , -248.585 , -235.914 ],
[ 12.65 , -248.564 , -235.914 ],
[ 12.6293 , -248.544 , -235.914 ],
[ 12.6087 , -248.523 , -235.914 ],
[ 12.5881 , -248.503 , -235.914 ],
[ 12.5676 , -248.482 , -235.914 ],
[ 12.5472 , -248.462 , -235.914 ],
[ 12.5269 , -248.441 , -235.914 ],
[ 12.5067 , -248.421 , -235.914 ],
[ 12.4866 , -248.401 , -235.914 ],
[ 12.4667 , -248.381 , -235.914 ],
[ 12.447 , -248.361 , -235.914 ],
[ 12.4275 , -248.342 , -235.914 ],
[ 12.4081 , -248.322 , -235.914 ],
[ 12.389 , -248.303 , -235.914 ],
[ 12.3701 , -248.284 , -235.914 ],
[ 12.3515 , -248.266 , -235.914 ],
[ 12.3331 , -248.247 , -235.914 ],
[ 12.315 , -248.229 , -235.914 ],
[ 12.2972 , -248.212 , -235.914 ],
[ 12.2796 , -248.194 , -235.914 ],
[ 12.2624 , -248.177 , -235.914 ],
[ 12.2455 , -248.16 , -235.914 ],
[ 12.2288 , -248.143 , -235.914 ],
[ 12.2125 , -248.127 , -235.914 ],
[ 12.1965 , -248.111 , -235.914 ],
[ 12.1807 , -248.095 , -235.914 ],
[ 12.1653 , -248.08 , -235.914 ],
[ 12.1501 , -248.064 , -235.914 ],
[ 12.1353 , -248.05 , -235.914 ],
[ 12.1206 , -248.035 , -235.914 ],
[ 12.1063 , -248.021 , -235.914 ],
[ 12.0922 , -248.007 , -235.914 ],
[ 12.0783 , -247.993 , -235.914 ],
[ 12.0646 , -247.979 , -235.914 ],
[ 12.051 , -247.965 , -235.914 ],
[ 12.0377 , -247.952 , -235.914 ],
[ 12.0245 , -247.939 , -235.914 ],
[ 12.0113 , -247.926 , -235.914 ],
[ 11.9983 , -247.913 , -235.914 ],
[ 11.9854 , -247.9 , -235.914 ],
[ 11.9724 , -247.887 , -235.914 ],
[ 11.9595 , -247.874 , -235.914 ],
[ 11.9466 , -247.861 , -235.914 ],
[ 11.9336 , -247.848 , -235.914 ],
[ 11.9205 , -247.835 , -235.914 ],
[ 11.9073 , -247.822 , -235.914 ],
[ 11.894 , -247.808 , -235.914 ],
[ 11.8806 , -247.795 , -235.914 ],
[ 11.8669 , -247.781 , -235.914 ],
[ 11.8531 , -247.767 , -235.914 ],
[ 11.839 , -247.753 , -235.914 ],
[ 11.8247 , -247.739 , -235.914 ],
[ 11.8101 , -247.724 , -235.914 ],
[ 11.7952 , -247.71 , -235.914 ],
[ 11.78 , -247.694 , -235.914 ],
[ 11.7644 , -247.679 , -235.914 ],
[ 11.7485 , -247.663 , -235.914 ],
[ 11.7323 , -247.647 , -235.914 ],
[ 11.7157 , -247.63 , -235.914 ],
[ 11.6987 , -247.613 , -235.914 ],
[ 11.6813 , -247.596 , -235.914 ],
[ 11.6635 , -247.578 , -235.914 ],
[ 11.6454 , -247.56 , -235.914 ],
[ 11.6268 , -247.541 , -235.914 ],
[ 11.6078 , -247.522 , -235.914 ],
[ 11.5885 , -247.503 , -235.914 ],
[ 11.5687 , -247.483 , -235.914 ],
[ 11.5486 , -247.463 , -235.914 ],
[ 11.5281 , -247.442 , -235.914 ],
[ 11.5072 , -247.422 , -235.914 ],
[ 11.4859 , -247.4 , -235.914 ],
[ 11.4643 , -247.379 , -235.914 ],
[ 11.4424 , -247.357 , -235.914 ],
[ 11.4201 , -247.334 , -235.914 ],
[ 11.3976 , -247.312 , -235.914 ],
[ 11.3748 , -247.289 , -235.914 ],
[ 11.3517 , -247.266 , -235.914 ],
[ 11.3283 , -247.243 , -235.914 ],
[ 11.3048 , -247.219 , -235.914 ],
[ 11.2811 , -247.195 , -235.914 ],
[ 11.2572 , -247.172 , -235.914 ],
[ 11.2332 , -247.148 , -235.914 ],
[ 11.2091 , -247.123 , -235.914 ],
[ 11.1849 , -247.099 , -235.914 ],
[ 11.1607 , -247.075 , -235.914 ],
[ 11.1364 , -247.051 , -235.914 ],
[ 11.1122 , -247.027 , -235.914 ],
[ 11.0881 , -247.002 , -235.914 ],
[ 11.064 , -246.978 , -235.914 ],
[ 11.0401 , -246.954 , -235.914 ],
[ 11.0163 , -246.931 , -235.914 ],
[ 10.9927 , -246.907 , -235.914 ],
[ 10.9694 , -246.884 , -235.914 ],
[ 10.9463 , -246.861 , -235.914 ],
[ 10.9236 , -246.838 , -235.914 ],
[ 10.9012 , -246.815 , -235.914 ],
[ 10.8792 , -246.793 , -235.914 ],
[ 10.8576 , -246.772 , -235.914 ],
[ 10.8365 , -246.751 , -235.914 ],
[ 10.8159 , -246.73 , -235.914 ],
[ 10.7959 , -246.71 , -235.914 ],
[ 10.7764 , -246.691 , -235.914 ],
[ 10.7576 , -246.672 , -235.914 ],
[ 10.7394 , -246.654 , -235.914 ],
[ 10.722 , -246.636 , -235.914 ],
[ 10.7052 , -246.62 , -235.914 ],
[ 10.6893 , -246.604 , -235.914 ],
[ 10.6741 , -246.588 , -235.914 ],
[ 10.6598 , -246.574 , -235.914 ],
[ 10.6463 , -246.561 , -235.914 ],
[ 10.6337 , -246.548 , -235.914 ],
[ 10.6221 , -246.536 , -235.914 ],
[ 10.6114 , -246.526 , -235.914 ],
[ 10.6016 , -246.516 , -235.914 ],
[ 10.5929 , -246.507 , -235.914 ],
[ 10.5852 , -246.499 , -235.914 ],
[ 10.5785 , -246.493 , -235.914 ],
[ 10.5728 , -246.487 , -235.914 ],
[ 10.5682 , -246.482 , -235.914 ],
[ 10.5646 , -246.479 , -235.914 ],
[ 10.5621 , -246.476 , -235.914 ],
[ 10.5607 , -246.475 , -235.914 ],
[ 10.5604 , -246.475 , -235.914 ],
[ 10.5611 , -246.475 , -235.914 ],
[ 10.5628 , -246.477 , -235.914 ],
[ 10.5657 , -246.48 , -235.914 ],
[ 10.5695 , -246.484 , -235.914 ],
[ 10.5744 , -246.489 , -235.914 ],
[ 10.5803 , -246.495 , -235.914 ],
[ 10.5872 , -246.501 , -235.914 ],
[ 10.5951 , -246.509 , -235.914 ],
[ 10.6039 , -246.518 , -235.914 ],
[ 10.6136 , -246.528 , -235.914 ],
[ 10.6242 , -246.538 , -235.914 ],
[ 10.6356 , -246.55 , -235.914 ],
[ 10.6479 , -246.562 , -235.914 ],
[ 10.6609 , -246.575 , -235.914 ],
[ 10.6747 , -246.589 , -235.914 ],
[ 10.6892 , -246.603 , -235.914 ],
[ 10.7044 , -246.619 , -235.914 ],
[ 10.7202 , -246.634 , -235.914 ],
[ 10.7365 , -246.651 , -235.914 ],
[ 10.7535 , -246.668 , -235.914 ],
[ 10.7709 , -246.685 , -235.914 ],
[ 10.7887 , -246.703 , -235.914 ],
[ 10.807 , -246.721 , -235.914 ],
[ 10.8257 , -246.74 , -235.914 ],
[ 10.8446 , -246.759 , -235.914 ],
[ 10.8639 , -246.778 , -235.914 ],
[ 10.8834 , -246.798 , -235.914 ],
[ 10.9031 , -246.817 , -235.914 ],
[ 10.923 , -246.837 , -235.914 ],
[ 10.943 , -246.857 , -235.914 ],
[ 10.9631 , -246.877 , -235.914 ],
[ 10.9832 , -246.898 , -235.914 ],
[ 11.0034 , -246.918 , -235.914 ],
[ 11.0235 , -246.938 , -235.914 ],
[ 11.0436 , -246.958 , -235.914 ],
[ 11.0637 , -246.978 , -235.914 ],
[ 11.0836 , -246.998 , -235.914 ],
[ 11.1034 , -247.018 , -235.914 ],
[ 11.1231 , -247.037 , -235.914 ],
[ 11.1426 , -247.057 , -235.914 ],
[ 11.162 , -247.076 , -235.914 ],
[ 11.1811 , -247.095 , -235.914 ],
[ 11.2 , -247.114 , -235.914 ],
[ 11.2187 , -247.133 , -235.914 ],
[ 11.2372 , -247.152 , -235.914 ],
[ 11.2554 , -247.17 , -235.914 ],
[ 11.2734 , -247.188 , -235.914 ],
[ 11.2911 , -247.205 , -235.914 ],
[ 11.3086 , -247.223 , -235.914 ],
[ 11.3258 , -247.24 , -235.914 ],
[ 11.3428 , -247.257 , -235.914 ],
[ 11.3595 , -247.274 , -235.914 ],
[ 11.3759 , -247.29 , -235.914 ],
[ 11.3922 , -247.306 , -235.914 ],
[ 11.4081 , -247.322 , -235.914 ],
[ 11.4239 , -247.338 , -235.914 ],
[ 11.4394 , -247.354 , -235.914 ],
[ 11.4547 , -247.369 , -235.914 ],
[ 11.4698 , -247.384 , -235.914 ],
[ 11.4847 , -247.399 , -235.914 ],
[ 11.4994 , -247.414 , -235.914 ],
[ 11.5139 , -247.428 , -235.914 ],
[ 11.5283 , -247.443 , -235.914 ],
[ 11.5425 , -247.457 , -235.914 ],
[ 11.5565 , -247.471 , -235.914 ],
[ 11.5705 , -247.485 , -235.914 ],
[ 11.5842 , -247.499 , -235.914 ],
[ 11.5979 , -247.512 , -235.914 ],
[ 11.6114 , -247.526 , -235.914 ],
[ 11.6248 , -247.539 , -235.914 ],
[ 11.6381 , -247.552 , -235.914 ],
[ 11.6512 , -247.566 , -235.914 ],
[ 11.6643 , -247.579 , -235.914 ],
[ 11.6773 , -247.592 , -235.914 ],
[ 11.6901 , -247.604 , -235.914 ],
[ 11.7028 , -247.617 , -235.914 ],
[ 11.7155 , -247.63 , -235.914 ],
[ 11.7279 , -247.642 , -235.914 ],
[ 11.7403 , -247.655 , -235.914 ],
[ 11.7525 , -247.667 , -235.914 ],
[ 11.7645 , -247.679 , -235.914 ],
[ 11.7764 , -247.691 , -235.914 ],
[ 11.7881 , -247.702 , -235.914 ],
[ 11.7996 , -247.714 , -235.914 ],
[ 11.8109 , -247.725 , -235.914 ],
[ 11.8219 , -247.736 , -235.914 ],
[ 11.8327 , -247.747 , -235.914 ],
[ 11.8431 , -247.757 , -235.914 ],
[ 11.8533 , -247.768 , -235.914 ],
[ 11.8632 , -247.777 , -235.914 ],
[ 11.8726 , -247.787 , -235.914 ],
[ 11.8817 , -247.796 , -235.914 ],
[ 11.8904 , -247.805 , -235.914 ],
[ 11.8986 , -247.813 , -235.914 ],
[ 11.9064 , -247.821 , -235.914 ],
[ 11.9136 , -247.828 , -235.914 ],
[ 11.9203 , -247.835 , -235.914 ],
[ 11.9265 , -247.841 , -235.914 ],
[ 11.932 , -247.846 , -235.914 ],
[ 11.937 , -247.851 , -235.914 ],
[ 11.9412 , -247.856 , -235.914 ],
[ 11.9448 , -247.859 , -235.914 ],
[ 11.9477 , -247.862 , -235.914 ],
[ 11.9498 , -247.864 , -235.914 ],
[ 11.9511 , -247.865 , -235.914 ],
[ 11.9517 , -247.866 , -235.914 ],
[ 11.9514 , -247.866 , -235.914 ],
[ 11.9503 , -247.865 , -235.914 ],
[ 11.9483 , -247.863 , -235.914 ],
[ 11.9454 , -247.86 , -235.914 ],
[ 11.9416 , -247.856 , -235.914 ],
[ 11.9369 , -247.851 , -235.914 ],
[ 11.9312 , -247.846 , -235.914 ],
[ 11.9246 , -247.839 , -235.914 ],
[ 11.917 , -247.831 , -235.914 ],
[ 11.9085 , -247.823 , -235.914 ],
[ 11.8989 , -247.813 , -235.914 ],
[ 11.8884 , -247.803 , -235.914 ],
[ 11.8769 , -247.791 , -235.914 ],
[ 11.8645 , -247.779 , -235.914 ],
[ 11.851 , -247.765 , -235.914 ],
[ 11.8366 , -247.751 , -235.914 ],
[ 11.8212 , -247.736 , -235.914 ],
[ 11.8049 , -247.719 , -235.914 ],
[ 11.7876 , -247.702 , -235.914 ],
[ 11.7695 , -247.684 , -235.914 ],
[ 11.7504 , -247.665 , -235.914 ],
[ 11.7305 , -247.645 , -235.914 ],
[ 11.7098 , -247.624 , -235.914 ],
[ 11.6883 , -247.603 , -235.914 ],
[ 11.666 , -247.58 , -235.914 ],
[ 11.643 , -247.557 , -235.914 ],
[ 11.6194 , -247.534 , -235.914 ],
[ 11.5951 , -247.509 , -235.914 ],
[ 11.5702 , -247.485 , -235.914 ],
[ 11.5448 , -247.459 , -235.914 ],
[ 11.5189 , -247.433 , -235.914 ],
[ 11.4926 , -247.407 , -235.914 ],
[ 11.4659 , -247.38 , -235.914 ],
[ 11.439 , -247.353 , -235.914 ],
[ 11.4118 , -247.326 , -235.914 ],
[ 11.3844 , -247.299 , -235.914 ],
[ 11.357 , -247.271 , -235.914 ],
[ 11.3295 , -247.244 , -235.914 ],
[ 11.3021 , -247.216 , -235.914 ],
[ 11.2749 , -247.189 , -235.914 ],
[ 11.2478 , -247.162 , -235.914 ],
[ 11.221 , -247.135 , -235.914 ],
[ 11.1946 , -247.109 , -235.914 ],
[ 11.1686 , -247.083 , -235.914 ],
[ 11.1432 , -247.057 , -235.914 ],
[ 11.1183 , -247.033 , -235.914 ],
[ 11.0941 , -247.008 , -235.914 ],
[ 11.0707 , -246.985 , -235.914 ],
[ 11.0481 , -246.962 , -235.914 ],
[ 11.0265 , -246.941 , -235.914 ],
[ 11.0058 , -246.92 , -235.914 ],
[ 10.9861 , -246.9 , -235.914 ],
[ 10.9676 , -246.882 , -235.914 ],
[ 10.9503 , -246.864 , -235.914 ],
[ 10.9342 , -246.848 , -235.914 ],
[ 10.9194 , -246.834 , -235.914 ],
[ 10.9059 , -246.82 , -235.914 ],
[ 10.8939 , -246.808 , -235.914 ],
[ 10.8833 , -246.798 , -235.914 ],
[ 10.8742 , -246.788 , -235.914 ],
[ 10.8666 , -246.781 , -235.914 ],
[ 10.8606 , -246.775 , -235.914 ],
[ 10.8561 , -246.77 , -235.914 ],
[ 10.8532 , -246.767 , -235.914 ],
[ 10.8519 , -246.766 , -235.914 ],
[ 10.8522 , -246.766 , -235.914 ],
[ 10.8541 , -246.768 , -235.914 ],
[ 10.8576 , -246.772 , -235.914 ],
[ 10.8626 , -246.777 , -235.914 ],
[ 10.8693 , -246.783 , -235.914 ],
[ 10.8774 , -246.792 , -235.914 ],
[ 10.887 , -246.801 , -235.914 ],
[ 10.8981 , -246.812 , -235.914 ],
[ 10.9106 , -246.825 , -235.914 ],
[ 10.9244 , -246.839 , -235.914 ],
[ 10.9396 , -246.854 , -235.914 ],
[ 10.956 , -246.87 , -235.914 ],
[ 10.9735 , -246.888 , -235.914 ],
[ 10.9922 , -246.906 , -235.914 ],
[ 11.012 , -246.926 , -235.914 ],
[ 11.0327 , -246.947 , -235.914 ],
[ 11.0543 , -246.969 , -235.914 ],
[ 11.0768 , -246.991 , -235.914 ],
[ 11.1 , -247.014 , -235.914 ],
[ 11.1238 , -247.038 , -235.914 ],
[ 11.1482 , -247.063 , -235.914 ],
[ 11.1732 , -247.087 , -235.914 ],
[ 11.1985 , -247.113 , -235.914 ],
[ 11.2243 , -247.139 , -235.914 ],
[ 11.2502 , -247.165 , -235.914 ],
[ 11.2764 , -247.191 , -235.914 ],
[ 11.3026 , -247.217 , -235.914 ],
[ 11.3289 , -247.243 , -235.914 ],
[ 11.3552 , -247.27 , -235.914 ],
[ 11.3814 , -247.296 , -235.914 ],
[ 11.4074 , -247.322 , -235.914 ],
[ 11.4331 , -247.347 , -235.914 ],
[ 11.4586 , -247.373 , -235.914 ],
[ 11.4837 , -247.398 , -235.914 ],
[ 11.5085 , -247.423 , -235.914 ],
[ 11.5328 , -247.447 , -235.914 ],
[ 11.5566 , -247.471 , -235.914 ],
[ 11.5799 , -247.494 , -235.914 ],
[ 11.6026 , -247.517 , -235.914 ],
[ 11.6247 , -247.539 , -235.914 ],
[ 11.6462 , -247.561 , -235.914 ],
[ 11.6671 , -247.581 , -235.914 ],
[ 11.6873 , -247.602 , -235.914 ],
[ 11.7069 , -247.621 , -235.914 ],
[ 11.7257 , -247.64 , -235.914 ],
[ 11.7439 , -247.658 , -235.914 ],
[ 11.7613 , -247.676 , -235.914 ],
[ 11.7781 , -247.692 , -235.914 ],
[ 11.7942 , -247.709 , -235.914 ],
[ 11.8096 , -247.724 , -235.914 ],
[ 11.8243 , -247.739 , -235.914 ],
[ 11.8383 , -247.753 , -235.914 ],
[ 11.8517 , -247.766 , -235.914 ],
[ 11.8644 , -247.779 , -235.914 ],
[ 11.8765 , -247.791 , -235.914 ],
[ 11.888 , -247.802 , -235.914 ],
[ 11.8989 , -247.813 , -235.914 ],
[ 11.9092 , -247.824 , -235.914 ],
[ 11.919 , -247.833 , -235.914 ],
[ 11.9282 , -247.843 , -235.914 ],
[ 11.937 , -247.851 , -235.914 ],
[ 11.9452 , -247.86 , -235.914 ],
[ 11.953 , -247.867 , -235.914 ],
[ 11.9604 , -247.875 , -235.914 ],
[ 11.9674 , -247.882 , -235.914 ],
[ 11.974 , -247.888 , -235.914 ],
[ 11.9802 , -247.895 , -235.914 ],
[ 11.986 , -247.9 , -235.914 ],
[ 11.9916 , -247.906 , -235.914 ],
[ 11.9968 , -247.911 , -235.914 ],
[ 12.0017 , -247.916 , -235.914 ],
[ 12.0064 , -247.921 , -235.914 ],
[ 12.0108 , -247.925 , -235.914 ],
[ 12.0149 , -247.929 , -235.914 ],
[ 12.0189 , -247.933 , -235.914 ],
[ 12.0226 , -247.937 , -235.914 ],
[ 12.0261 , -247.94 , -235.914 ],
[ 12.0293 , -247.944 , -235.914 ],
[ 12.0324 , -247.947 , -235.914 ],
[ 12.0353 , -247.95 , -235.914 ],
[ 12.038 , -247.952 , -235.914 ],
[ 12.0405 , -247.955 , -235.914 ],
[ 12.0428 , -247.957 , -235.914 ],
[ 12.045 , -247.959 , -235.914 ],
[ 12.0469 , -247.961 , -235.914 ],
[ 12.0486 , -247.963 , -235.914 ],
[ 12.0502 , -247.965 , -235.914 ],
[ 12.0515 , -247.966 , -235.914 ],
[ 12.0526 , -247.967 , -235.914 ],
[ 12.0535 , -247.968 , -235.914 ],
[ 12.0541 , -247.968 , -235.914 ],
[ 12.0545 , -247.969 , -235.914 ],
[ 12.0546 , -247.969 , -235.914 ],
[ 12.0545 , -247.969 , -235.914 ],
[ 12.0541 , -247.968 , -235.914 ],
[ 12.0534 , -247.968 , -235.914 ],
[ 12.0524 , -247.967 , -235.914 ],
[ 12.051 , -247.965 , -235.914 ],
[ 12.0494 , -247.964 , -235.914 ],
[ 12.0474 , -247.962 , -235.914 ],
[ 12.0451 , -247.959 , -235.914 ],
[ 12.0424 , -247.957 , -235.914 ],
[ 12.0393 , -247.954 , -235.914 ],
[ 12.0359 , -247.95 , -235.914 ],
[ 12.0321 , -247.946 , -235.914 ],
[ 12.0278 , -247.942 , -235.914 ],
[ 12.0232 , -247.938 , -235.914 ],
[ 12.0182 , -247.933 , -235.914 ],
[ 12.0128 , -247.927 , -235.914 ],
[ 12.007 , -247.921 , -235.914 ],
[ 12.0008 , -247.915 , -235.914 ],
[ 11.9942 , -247.909 , -235.914 ],
[ 11.9873 , -247.902 , -235.914 ],
[ 11.9799 , -247.894 , -235.914 ],
[ 11.9722 , -247.887 , -235.914 ],
[ 11.9641 , -247.879 , -235.914 ],
[ 11.9557 , -247.87 , -235.914 ],
[ 11.947 , -247.861 , -235.914 ],
[ 11.938 , -247.852 , -235.914 ],
[ 11.9287 , -247.843 , -235.914 ],
[ 11.9191 , -247.833 , -235.914 ],
[ 11.9093 , -247.824 , -235.914 ],
[ 11.8993 , -247.814 , -235.914 ],
[ 11.8892 , -247.804 , -235.914 ],
[ 11.8789 , -247.793 , -235.914 ],
[ 11.8685 , -247.783 , -235.914 ],
[ 11.8581 , -247.772 , -235.914 ],
[ 11.8476 , -247.762 , -235.914 ],
[ 11.8372 , -247.752 , -235.914 ],
[ 11.8269 , -247.741 , -235.914 ],
[ 11.8166 , -247.731 , -235.914 ],
[ 11.8066 , -247.721 , -235.914 ],
[ 11.7967 , -247.711 , -235.914 ],
[ 11.7871 , -247.701 , -235.914 ],
[ 11.7778 , -247.692 , -235.914 ],
[ 11.7689 , -247.683 , -235.914 ],
[ 11.7604 , -247.675 , -235.914 ],
[ 11.7523 , -247.667 , -235.914 ],
[ 11.7448 , -247.659 , -235.914 ],
[ 11.7379 , -247.652 , -235.914 ],
[ 11.7315 , -247.646 , -235.914 ],
[ 11.7258 , -247.64 , -235.914 ],
[ 11.7209 , -247.635 , -235.914 ],
[ 11.7167 , -247.631 , -235.914 ],
[ 11.7133 , -247.628 , -235.914 ],
[ 11.7108 , -247.625 , -235.914 ],
[ 11.7092 , -247.624 , -235.914 ],
[ 11.7086 , -247.623 , -235.914 ],
[ 11.709 , -247.623 , -235.914 ],
[ 11.7103 , -247.625 , -235.914 ],
[ 11.7128 , -247.627 , -235.914 ],
[ 11.7164 , -247.631 , -235.914 ],
[ 11.7211 , -247.635 , -235.914 ],
[ 11.727 , -247.641 , -235.914 ],
[ 11.7341 , -247.648 , -235.914 ],
[ 11.7424 , -247.657 , -235.914 ],
[ 11.752 , -247.666 , -235.914 ],
[ 11.7628 , -247.677 , -235.914 ],
[ 11.775 , -247.689 , -235.914 ],
[ 11.7885 , -247.703 , -235.914 ],
[ 11.8033 , -247.718 , -235.914 ],
[ 11.8194 , -247.734 , -235.914 ],
[ 11.8369 , -247.751 , -235.914 ],
[ 11.8557 , -247.77 , -235.914 ],
[ 11.8758 , -247.79 , -235.914 ],
[ 11.8973 , -247.812 , -235.914 ],
[ 11.9202 , -247.834 , -235.914 ],
[ 11.9444 , -247.859 , -235.914 ],
[ 11.9699 , -247.884 , -235.914 ],
[ 11.9968 , -247.911 , -235.914 ],
[ 12.0249 , -247.939 , -235.914 ],
[ 12.0543 , -247.969 , -235.914 ],
[ 12.085 , -247.999 , -235.914 ],
[ 12.117 , -248.031 , -235.914 ],
[ 12.1501 , -248.064 , -235.914 ],
[ 12.1844 , -248.099 , -235.914 ],
[ 12.2199 , -248.134 , -235.914 ],
[ 12.2565 , -248.171 , -235.914 ],
[ 12.2942 , -248.209 , -235.914 ],
[ 12.333 , -248.247 , -235.914 ],
[ 12.3728 , -248.287 , -235.914 ],
[ 12.4135 , -248.328 , -235.914 ],
[ 12.4552 , -248.369 , -235.914 ],
[ 12.4977 , -248.412 , -235.914 ],
[ 12.5411 , -248.455 , -235.914 ],
[ 12.5853 , -248.5 , -235.914 ],
[ 12.6302 , -248.545 , -235.914 ],
[ 12.6759 , -248.59 , -235.914 ],
[ 12.7221 , -248.636 , -235.914 ],
[ 12.7689 , -248.683 , -235.914 ],
[ 12.8163 , -248.731 , -235.914 ],
[ 12.8641 , -248.778 , -235.914 ],
[ 12.9123 , -248.827 , -235.914 ],
[ 12.9609 , -248.875 , -235.914 ],
[ 13.0098 , -248.924 , -235.914 ],
[ 13.059 , -248.973 , -235.914 ],
[ 13.1083 , -249.023 , -235.914 ],
[ 13.1577 , -249.072 , -235.914 ],
[ 13.2072 , -249.122 , -235.914 ],
[ 13.2567 , -249.171 , -235.914 ],
[ 13.3061 , -249.221 , -235.914 ],
[ 13.3555 , -249.27 , -235.914 ],
[ 13.4046 , -249.319 , -235.914 ],
[ 13.4535 , -249.368 , -235.914 ],
[ 13.5021 , -249.416 , -235.914 ],
[ 13.5504 , -249.465 , -235.914 ],
[ 13.5982 , -249.513 , -235.914 ],
[ 13.6455 , -249.56 , -235.914 ],
[ 13.6924 , -249.607 , -235.914 ],
[ 13.7386 , -249.653 , -235.914 ],
[ 13.7842 , -249.699 , -235.914 ],
[ 13.8291 , -249.744 , -235.914 ],
[ 13.8733 , -249.788 , -235.914 ],
[ 13.9166 , -249.831 , -235.914 ],
[ 13.9592 , -249.874 , -235.914 ],
[ 14.0008 , -249.915 , -235.914 ],
[ 14.0414 , -249.956 , -235.914 ],
[ 14.0811 , -249.995 , -235.914 ],
[ 14.1197 , -250.034 , -235.914 ],
[ 14.1572 , -250.072 , -235.914 ],
[ 14.1935 , -250.108 , -235.914 ],
[ 14.2287 , -250.143 , -235.914 ],
[ 14.2627 , -250.177 , -235.914 ],
[ 14.2954 , -250.21 , -235.914 ],
[ 14.3269 , -250.241 , -235.914 ],
[ 14.357 , -250.271 , -235.914 ],
[ 14.3857 , -250.3 , -235.914 ],
[ 14.413 , -250.327 , -235.914 ],
[ 14.4389 , -250.353 , -235.914 ],
[ 14.4633 , -250.378 , -235.914 ],
[ 14.4862 , -250.401 , -235.914 ],
[ 14.5076 , -250.422 , -235.914 ],
[ 14.5274 , -250.442 , -235.914 ],
[ 14.5457 , -250.46 , -235.914 ],
[ 14.5623 , -250.477 , -235.914 ],
[ 14.5774 , -250.492 , -235.914 ],
[ 14.5907 , -250.505 , -235.914 ],
[ 14.6025 , -250.517 , -235.914 ],
[ 14.6125 , -250.527 , -235.914 ],
[ 14.6208 , -250.535 , -235.914 ],
[ 14.6275 , -250.542 , -235.914 ],
[ 14.6324 , -250.547 , -235.914 ],
[ 14.6355 , -250.55 , -235.914 ],
[ 14.6369 , -250.551 , -235.914 ],
[ 14.6365 , -250.551 , -235.914 ],
[ 14.6344 , -250.549 , -235.914 ],
[ 14.6305 , -250.545 , -235.914 ],
[ 14.6247 , -250.539 , -235.914 ],
[ 14.6172 , -250.532 , -235.914 ],
[ 14.608 , -250.522 , -235.914 ],
[ 14.5969 , -250.511 , -235.914 ],
[ 14.584 , -250.498 , -235.914 ],
[ 14.5694 , -250.484 , -235.914 ],
[ 14.553 , -250.467 , -235.914 ],
[ 14.5348 , -250.449 , -235.914 ],
[ 14.5148 , -250.429 , -235.914 ],
[ 14.4931 , -250.408 , -235.914 ],
[ 14.4696 , -250.384 , -235.914 ],
[ 14.4445 , -250.359 , -235.914 ],
[ 14.4176 , -250.332 , -235.914 ],
[ 14.3891 , -250.304 , -235.914 ],
[ 14.3589 , -250.273 , -235.914 ],
[ 14.3271 , -250.242 , -235.914 ],
[ 14.2937 , -250.208 , -235.914 ],
[ 14.2587 , -250.173 , -235.914 ],
[ 14.2222 , -250.137 , -235.914 ],
[ 14.1843 , -250.099 , -235.914 ],
[ 14.1449 , -250.059 , -235.914 ],
[ 14.1041 , -250.019 , -235.914 ],
[ 14.062 , -249.976 , -235.914 ],
[ 14.0186 , -249.933 , -235.914 ],
[ 13.974 , -249.888 , -235.914 ],
[ 13.9283 , -249.843 , -235.914 ],
[ 13.8814 , -249.796 , -235.914 ],
[ 13.8336 , -249.748 , -235.914 ],
[ 13.7848 , -249.699 , -235.914 ],
[ 13.7352 , -249.65 , -235.914 ],
[ 13.6849 , -249.599 , -235.914 ],
[ 13.6338 , -249.548 , -235.914 ],
[ 13.5822 , -249.497 , -235.914 ],
[ 13.5302 , -249.445 , -235.914 ],
[ 13.4777 , -249.392 , -235.914 ],
[ 13.425 , -249.339 , -235.914 ],
[ 13.3722 , -249.287 , -235.914 ],
[ 13.3193 , -249.234 , -235.914 ],
[ 13.2665 , -249.181 , -235.914 ],
[ 13.214 , -249.128 , -235.914 ],
[ 13.1617 , -249.076 , -235.914 ],
[ 13.11 , -249.024 , -235.914 ],
[ 13.0588 , -248.973 , -235.914 ],
[ 13.0084 , -248.923 , -235.914 ],
[ 12.9588 , -248.873 , -235.914 ],
[ 12.9102 , -248.825 , -235.914 ],
[ 12.8628 , -248.777 , -235.914 ],
[ 12.8166 , -248.731 , -235.914 ],
[ 12.7719 , -248.686 , -235.914 ],
[ 12.7286 , -248.643 , -235.914 ],
[ 12.6871 , -248.601 , -235.914 ],
[ 12.6473 , -248.562 , -235.914 ],
[ 12.6095 , -248.524 , -235.914 ],
[ 12.5737 , -248.488 , -235.914 ],
[ 12.5401 , -248.454 , -235.914 ],
[ 12.5088 , -248.423 , -235.914 ],
[ 12.4798 , -248.394 , -235.914 ],
[ 12.4533 , -248.368 , -235.914 ],
[ 12.4295 , -248.344 , -235.914 ],
[ 12.4083 , -248.322 , -235.914 ],
[ 12.3898 , -248.304 , -235.914 ],
[ 12.3742 , -248.288 , -235.914 ],
[ 12.3615 , -248.276 , -235.914 ],
[ 12.3517 , -248.266 , -235.914 ],
[ 12.3449 , -248.259 , -235.914 ],
[ 12.3411 , -248.255 , -235.914 ],
[ 12.3404 , -248.255 , -235.914 ],
[ 12.3428 , -248.257 , -235.914 ],
[ 12.3482 , -248.262 , -235.914 ],
[ 12.3567 , -248.271 , -235.914 ],
[ 12.3682 , -248.282 , -235.914 ],
[ 12.3828 , -248.297 , -235.914 ],
[ 12.4004 , -248.315 , -235.914 ],
[ 12.4209 , -248.335 , -235.914 ],
[ 12.4442 , -248.358 , -235.914 ],
[ 12.4705 , -248.385 , -235.914 ],
[ 12.4994 , -248.414 , -235.914 ],
[ 12.531 , -248.445 , -235.914 ],
[ 12.5652 , -248.479 , -235.914 ],
[ 12.6019 , -248.516 , -235.914 ],
[ 12.6409 , -248.555 , -235.914 ],
[ 12.6821 , -248.596 , -235.914 ],
[ 12.7255 , -248.64 , -235.914 ],
[ 12.7708 , -248.685 , -235.914 ],
[ 12.818 , -248.732 , -235.914 ],
[ 12.8669 , -248.781 , -235.914 ],
[ 12.9174 , -248.832 , -235.914 ],
[ 12.9693 , -248.884 , -235.914 ],
[ 13.0225 , -248.937 , -235.914 ],
[ 13.0767 , -248.991 , -235.914 ],
[ 13.132 , -249.046 , -235.914 ],
[ 13.188 , -249.102 , -235.914 ],
[ 13.2447 , -249.159 , -235.914 ],
[ 13.3019 , -249.216 , -235.914 ],
[ 13.3593 , -249.274 , -235.914 ],
[ 13.417 , -249.331 , -235.914 ],
[ 13.4747 , -249.389 , -235.914 ],
[ 13.5322 , -249.447 , -235.914 ],
[ 13.5894 , -249.504 , -235.914 ],
[ 13.6462 , -249.561 , -235.914 ],
[ 13.7024 , -249.617 , -235.914 ],
[ 13.7579 , -249.672 , -235.914 ],
[ 13.8125 , -249.727 , -235.914 ],
[ 13.8661 , -249.781 , -235.914 ],
[ 13.9186 , -249.833 , -235.914 ],
[ 13.9699 , -249.884 , -235.914 ],
[ 14.0198 , -249.934 , -235.914 ],
[ 14.0681 , -249.983 , -235.914 ],
[ 14.1149 , -250.029 , -235.914 ],
[ 14.16 , -250.075 , -235.914 ],
[ 14.2034 , -250.118 , -235.914 ],
[ 14.2448 , -250.159 , -235.914 ],
[ 14.2843 , -250.199 , -235.914 ],
[ 14.3218 , -250.236 , -235.914 ],
[ 14.3571 , -250.272 , -235.914 ],
[ 14.3903 , -250.305 , -235.914 ],
[ 14.4213 , -250.336 , -235.915 ],
[ 14.4499 , -250.364 , -235.915 ],
[ 14.4763 , -250.391 , -235.915 ],
[ 14.5004 , -250.415 , -235.915 ],
[ 14.522 , -250.437 , -235.915 ],
[ 14.5413 , -250.456 , -235.915 ],
[ 14.5582 , -250.473 , -235.915 ],
[ 14.5726 , -250.487 , -235.915 ],
[ 14.5846 , -250.499 , -235.915 ],
[ 14.5943 , -250.509 , -235.915 ],
[ 14.6015 , -250.516 , -235.915 ],
[ 14.6064 , -250.521 , -235.915 ],
[ 14.6089 , -250.523 , -235.915 ],
[ 14.6091 , -250.524 , -235.914 ],
[ 14.6071 , -250.522 , -235.914 ],
[ 14.6028 , -250.517 , -235.914 ],
[ 14.5964 , -250.511 , -235.914 ],
[ 14.5878 , -250.502 , -235.914 ],
[ 14.5772 , -250.492 , -235.914 ],
[ 14.5647 , -250.479 , -235.914 ],
[ 14.5502 , -250.465 , -235.914 ],
[ 14.534 , -250.448 , -235.914 ],
[ 14.516 , -250.43 , -235.914 ],
[ 14.4964 , -250.411 , -235.914 ],
[ 14.4753 , -250.39 , -235.914 ],
[ 14.4527 , -250.367 , -235.914 ],
[ 14.4288 , -250.343 , -235.914 ],
[ 14.4037 , -250.318 , -235.914 ],
[ 14.3775 , -250.292 , -235.914 ],
[ 14.3503 , -250.265 , -235.914 ],
[ 14.3222 , -250.237 , -235.914 ],
[ 14.2933 , -250.208 , -235.914 ],
[ 14.2638 , -250.178 , -235.914 ],
[ 14.2338 , -250.148 , -235.914 ],
[ 14.2034 , -250.118 , -235.914 ],
[ 14.1727 , -250.087 , -235.914 ],
[ 14.1418 , -250.056 , -235.914 ],
[ 14.1108 , -250.025 , -235.914 ],
[ 14.08 , -249.994 , -235.914 ],
[ 14.0493 , -249.964 , -235.914 ],
[ 14.0188 , -249.933 , -235.914 ],
[ 13.9888 , -249.903 , -235.914 ],
[ 13.9592 , -249.874 , -235.914 ],
[ 13.9303 , -249.845 , -235.914 ],
[ 13.902 , -249.816 , -235.914 ],
[ 13.8744 , -249.789 , -235.914 ],
[ 13.8477 , -249.762 , -235.914 ],
[ 13.822 , -249.736 , -235.914 ],
[ 13.7971 , -249.711 , -235.914 ],
[ 13.7733 , -249.688 , -235.914 ],
[ 13.7506 , -249.665 , -235.914 ],
[ 13.729 , -249.643 , -235.914 ],
[ 13.7086 , -249.623 , -235.914 ],
[ 13.6894 , -249.604 , -235.914 ],
[ 13.6713 , -249.586 , -235.914 ],
[ 13.6544 , -249.569 , -235.914 ],
[ 13.6388 , -249.553 , -235.914 ],
[ 13.6243 , -249.539 , -235.914 ],
[ 13.611 , -249.525 , -235.914 ],
[ 13.5988 , -249.513 , -235.914 ],
[ 13.5878 , -249.502 , -235.914 ],
[ 13.5779 , -249.492 , -235.914 ],
[ 13.5689 , -249.483 , -235.914 ],
[ 13.561 , -249.475 , -235.914 ],
[ 13.5539 , -249.468 , -235.914 ],
[ 13.5478 , -249.462 , -235.914 ],
[ 13.5424 , -249.457 , -235.914 ],
[ 13.5377 , -249.452 , -235.914 ],
[ 13.5336 , -249.448 , -235.914 ],
[ 13.5301 , -249.444 , -235.914 ],
[ 13.527 , -249.441 , -235.914 ],
[ 13.5243 , -249.439 , -235.914 ],
[ 13.5219 , -249.436 , -235.914 ],
[ 13.5197 , -249.434 , -235.914 ],
[ 13.5176 , -249.432 , -235.914 ],
[ 13.5156 , -249.43 , -235.914 ],
[ 13.5134 , -249.428 , -235.914 ],
[ 13.5112 , -249.426 , -235.914 ],
[ 13.5087 , -249.423 , -235.914 ],
[ 13.5058 , -249.42 , -235.914 ],
[ 13.5026 , -249.417 , -235.914 ],
[ 13.4989 , -249.413 , -235.914 ],
[ 13.4947 , -249.409 , -235.914 ],
[ 13.4898 , -249.404 , -235.914 ],
[ 13.4843 , -249.399 , -235.914 ],
[ 13.478 , -249.392 , -235.914 ],
[ 13.471 , -249.385 , -235.914 ],
[ 13.4631 , -249.378 , -235.914 ],
[ 13.4544 , -249.369 , -235.914 ],
[ 13.4447 , -249.359 , -235.914 ],
[ 13.4341 , -249.348 , -235.914 ],
[ 13.4225 , -249.337 , -235.914 ],
[ 13.4099 , -249.324 , -235.914 ],
[ 13.3962 , -249.311 , -235.914 ],
[ 13.3816 , -249.296 , -235.914 ],
[ 13.3659 , -249.28 , -235.914 ],
[ 13.3492 , -249.264 , -235.914 ],
[ 13.3314 , -249.246 , -235.914 ],
[ 13.3127 , -249.227 , -235.914 ],
[ 13.2929 , -249.207 , -235.914 ],
[ 13.2722 , -249.187 , -235.914 ],
[ 13.2505 , -249.165 , -235.914 ],
[ 13.228 , -249.142 , -235.914 ],
[ 13.2045 , -249.119 , -235.914 ],
[ 13.1802 , -249.095 , -235.914 ],
[ 13.1551 , -249.069 , -235.914 ],
[ 13.1292 , -249.044 , -235.914 ],
[ 13.1027 , -249.017 , -235.914 ],
[ 13.0755 , -248.99 , -235.914 ],
[ 13.0478 , -248.962 , -235.914 ],
[ 13.0195 , -248.934 , -235.914 ],
[ 12.9908 , -248.905 , -235.914 ],
[ 12.9617 , -248.876 , -235.914 ],
[ 12.9322 , -248.847 , -235.914 ],
[ 12.9025 , -248.817 , -235.914 ],
[ 12.8726 , -248.787 , -235.914 ],
[ 12.8427 , -248.757 , -235.914 ],
[ 12.8126 , -248.727 , -235.914 ],
[ 12.7826 , -248.697 , -235.914 ],
[ 12.7527 , -248.667 , -235.914 ],
[ 12.7229 , -248.637 , -235.914 ],
[ 12.6934 , -248.608 , -235.914 ],
[ 12.6642 , -248.579 , -235.914 ],
[ 12.6353 , -248.55 , -235.914 ],
[ 12.6069 , -248.521 , -235.914 ],
[ 12.5789 , -248.493 , -235.914 ],
[ 12.5514 , -248.466 , -235.914 ],
[ 12.5245 , -248.439 , -235.914 ],
[ 12.4982 , -248.413 , -235.914 ],
[ 12.4726 , -248.387 , -235.914 ],
[ 12.4477 , -248.362 , -235.914 ],
[ 12.4235 , -248.338 , -235.914 ],
[ 12.4 , -248.314 , -235.914 ],
[ 12.3774 , -248.292 , -235.914 ],
[ 12.3555 , -248.27 , -235.914 ],
[ 12.3344 , -248.249 , -235.914 ],
[ 12.3142 , -248.228 , -235.914 ],
[ 12.2947 , -248.209 , -235.914 ],
[ 12.2761 , -248.19 , -235.914 ],
[ 12.2583 , -248.173 , -235.914 ],
[ 12.2413 , -248.156 , -235.914 ],
[ 12.225 , -248.139 , -235.914 ],
[ 12.2095 , -248.124 , -235.914 ],
[ 12.1948 , -248.109 , -235.914 ],
[ 12.1807 , -248.095 , -235.914 ],
[ 12.1672 , -248.082 , -235.914 ],
[ 12.1544 , -248.069 , -235.914 ],
[ 12.1422 , -248.057 , -235.914 ],
[ 12.1305 , -248.045 , -235.914 ],
[ 12.1194 , -248.034 , -235.914 ],
[ 12.1086 , -248.023 , -235.914 ],
[ 12.0983 , -248.013 , -235.914 ],
[ 12.0883 , -248.003 , -235.914 ],
[ 12.0786 , -247.993 , -235.914 ],
[ 12.0691 , -247.983 , -235.914 ],
[ 12.0599 , -247.974 , -235.914 ],
[ 12.0508 , -247.965 , -235.914 ],
[ 12.0418 , -247.956 , -235.914 ],
[ 12.0328 , -247.947 , -235.914 ],
[ 12.0238 , -247.938 , -235.914 ],
[ 12.0148 , -247.929 , -235.914 ],
[ 12.0058 , -247.92 , -235.914 ],
[ 11.9966 , -247.911 , -235.914 ],
[ 11.9872 , -247.902 , -235.914 ],
[ 11.9777 , -247.892 , -235.914 ],
[ 11.9679 , -247.882 , -235.914 ],
[ 11.9579 , -247.872 , -235.914 ],
[ 11.9477 , -247.862 , -235.914 ],
[ 11.9371 , -247.852 , -235.914 ],
[ 11.9263 , -247.841 , -235.914 ],
[ 11.9152 , -247.83 , -235.914 ],
[ 11.9038 , -247.818 , -235.914 ],
[ 11.892 , -247.806 , -235.914 ],
[ 11.88 , -247.794 , -235.914 ],
[ 11.8676 , -247.782 , -235.914 ],
[ 11.855 , -247.769 , -235.914 ],
[ 11.8421 , -247.756 , -235.914 ],
[ 11.829 , -247.743 , -235.914 ],
[ 11.8156 , -247.73 , -235.914 ],
[ 11.802 , -247.716 , -235.914 ],
[ 11.7882 , -247.703 , -235.914 ],
[ 11.7743 , -247.689 , -235.914 ],
[ 11.7603 , -247.675 , -235.914 ],
[ 11.7463 , -247.661 , -235.914 ],
[ 11.7322 , -247.646 , -235.914 ],
[ 11.7181 , -247.632 , -235.914 ],
[ 11.704 , -247.618 , -235.914 ],
[ 11.6901 , -247.604 , -235.914 ],
[ 11.6763 , -247.591 , -235.914 ],
[ 11.6626 , -247.577 , -235.914 ],
[ 11.6493 , -247.564 , -235.914 ],
[ 11.6362 , -247.55 , -235.914 ],
[ 11.6234 , -247.538 , -235.914 ],
[ 11.611 , -247.525 , -235.914 ],
[ 11.599 , -247.513 , -235.914 ],
[ 11.5875 , -247.502 , -235.914 ],
[ 11.5765 , -247.491 , -235.914 ],
[ 11.566 , -247.48 , -235.914 ],
[ 11.5561 , -247.47 , -235.914 ],
[ 11.5468 , -247.461 , -235.914 ],
[ 11.5382 , -247.453 , -235.914 ],
[ 11.5303 , -247.445 , -235.914 ],
[ 11.5231 , -247.437 , -235.914 ],
[ 11.5166 , -247.431 , -235.914 ],
[ 11.5109 , -247.425 , -235.914 ],
[ 11.506 , -247.42 , -235.914 ],
[ 11.5018 , -247.416 , -235.914 ],
[ 11.4985 , -247.413 , -235.914 ],
[ 11.496 , -247.41 , -235.914 ],
[ 11.4944 , -247.409 , -235.914 ],
[ 11.4935 , -247.408 , -235.914 ],
[ 11.4935 , -247.408 , -235.914 ],
[ 11.4943 , -247.409 , -235.914 ],
[ 11.4959 , -247.41 , -235.914 ],
[ 11.4983 , -247.413 , -235.914 ],
[ 11.5015 , -247.416 , -235.914 ],
[ 11.5054 , -247.42 , -235.914 ],
[ 11.5101 , -247.424 , -235.914 ],
[ 11.5154 , -247.43 , -235.914 ],
[ 11.5214 , -247.436 , -235.914 ],
[ 11.5281 , -247.442 , -235.914 ],
[ 11.5353 , -247.45 , -235.914 ],
[ 11.543 , -247.457 , -235.914 ],
[ 11.5513 , -247.466 , -235.914 ],
[ 11.5599 , -247.474 , -235.914 ],
[ 11.5689 , -247.483 , -235.914 ],
[ 11.5783 , -247.493 , -235.914 ],
[ 11.5879 , -247.502 , -235.914 ],
[ 11.5977 , -247.512 , -235.914 ],
[ 11.6076 , -247.522 , -235.914 ],
[ 11.6175 , -247.532 , -235.914 ],
[ 11.6275 , -247.542 , -235.914 ],
[ 11.6373 , -247.552 , -235.914 ],
[ 11.6469 , -247.561 , -235.914 ],
[ 11.6563 , -247.571 , -235.914 ],
[ 11.6654 , -247.58 , -235.914 ],
[ 11.6741 , -247.588 , -235.914 ],
[ 11.6822 , -247.597 , -235.914 ],
[ 11.6898 , -247.604 , -235.914 ],
[ 11.6968 , -247.611 , -235.914 ],
[ 11.703 , -247.617 , -235.914 ],
[ 11.7083 , -247.623 , -235.914 ],
[ 11.7128 , -247.627 , -235.914 ],
[ 11.7163 , -247.631 , -235.914 ],
[ 11.7188 , -247.633 , -235.914 ],
[ 11.7201 , -247.635 , -235.914 ],
[ 11.7202 , -247.635 , -235.914 ],
[ 11.7191 , -247.633 , -235.914 ],
[ 11.7166 , -247.631 , -235.914 ],
[ 11.7127 , -247.627 , -235.914 ],
[ 11.7074 , -247.622 , -235.914 ],
[ 11.7005 , -247.615 , -235.914 ],
[ 11.692 , -247.606 , -235.914 ],
[ 11.6819 , -247.596 , -235.914 ],
[ 11.6702 , -247.585 , -235.914 ],
[ 11.6567 , -247.571 , -235.914 ],
[ 11.6415 , -247.556 , -235.914 ],
[ 11.6245 , -247.539 , -235.914 ],
[ 11.6056 , -247.52 , -235.914 ],
[ 11.585 , -247.499 , -235.914 ],
[ 11.5625 , -247.477 , -235.914 ],
[ 11.5382 , -247.453 , -235.914 ],
[ 11.5119 , -247.426 , -235.914 ],
[ 11.4839 , -247.398 , -235.914 ],
[ 11.4539 , -247.368 , -235.914 ],
[ 11.4222 , -247.337 , -235.914 ],
[ 11.3886 , -247.303 , -235.914 ],
[ 11.3532 , -247.268 , -235.914 ],
[ 11.3161 , -247.231 , -235.914 ],
[ 11.2772 , -247.192 , -235.914 ],
[ 11.2367 , -247.151 , -235.914 ],
